0.0008    0.21988199179
0.0016    0.297400822777
0.0024    0.265527109155
0.0032    0.206653358075
0.004    0.22128038119
0.0048    0.27856606922
0.0056    0.516549048526
0.0064    0.11638375823
0.0072    0.162692975331
0.008    0.148662466603
0.0088    0.361482766346
0.0096    0.178782391726
0.0104    0.0881273857499
0.0112    0.379408632972
0.012    0.3444936296
0.0128    0.559829402985
0.0136    0.425015990043
0.0144    0.559445610094
0.0152    0.535755403091
0.016    0.469552262501
0.0168    0.56635165885
0.0176    0.537742741643
0.0184    0.544701267321
0.0192    0.54386215669
0.02    0.381421040392
0.0208    0.334208320255
0.0216    0.52777836638
0.0224    0.546103751738
0.0232    0.395363526229
0.024    0.398909011085
0.0248    0.172398123033
0.0256    0.199160297555
0.0264    0.357190682226
0.0272    0.15601598554
0.028    0.303539230624
0.0288    0.255144013009
0.0296    0.797017604878
0.0304    0.448786921108
0.0312    0.376400776699
0.032    0.480175381292
0.0328    0.444457762952
0.0336    0.387505107991
0.0344    0.416851228985
0.0352    0.342485794785
0.036    0.399543969226
0.0368    0.498349517066
0.0376    0.523454548882
0.0384    0.428099862946
0.0392    0.557243553901
0.04    0.414947316205
0.0408    0.6433695703
0.0416    0.507397255441
0.0424    0.543971842259
0.0432    0.677460115311
0.044    0.566392211208
0.0448    0.131573253413
0.0456    0.576647926257
0.0464    0.512401413535
0.0472    0.764327635839
0.048    0.482252283308
0.0488    0.706823430684
0.0496    0.605246096831
0.0504    0.252831330908
0.0512    0.552481866977
0.052    0.463200258296
0.0528    0.443142310885
0.0536    0.461952919234
0.0544    0.33542024272
0.0552    0.646258561845
0.056    0.629370385783
0.0568    0.606257728778
0.0576    0.621811400247
0.0584    0.253777480651
0.0592    0.642577637132
0.06    0.609381148224
0.0608    0.29247979896
0.0616    0.637905415836
0.0624    0.5654072532
0.0632    0.413838733686
0.064    0.387974139201
0.0648    0.492564502186
0.0656    0.448689502454
0.0664    0.512041837255
0.0672    0.491891155212
0.068    0.551448166268
0.0688    0.387943491294
0.0696    0.383917391885
0.0704    0.656997714292
0.0712    0.545673503202
0.072    0.497155876014
0.0728    0.444869522927
0.0736    0.307625976187
0.0744    0.614818968465
0.0752    0.530438436197
0.076    0.429608765432
0.0768    0.582556468411
0.0776    0.354821316883
0.0784    0.584417392334
0.0792    0.503901467939
0.08    0.340164851339
0.0808    0.276856524589
0.0816    0.594327376403
0.0824    0.636086218861
0.0832    0.630369000524
0.084    0.57712129786
0.0848    0.677846856619
0.0856    0.373821501228
0.0864    0.391901435655
0.0872    0.482687905677
0.088    0.584547828767
0.0888    0.374062455555
0.0896    0.506077666392
0.0904    0.492301283585
0.0912    0.533640860971
0.092    0.467145360084
0.0928    0.430874637539
0.0936    0.484117141502
0.0944    0.548545564034
0.0952    0.323320163272
0.096    0.526972159598
0.0968    0.552301381288
0.0976    0.451035912741
0.0984    0.576631720007
0.0992    0.416136025593
0.1    0.427912031899
0.1008    0.545886342829
0.1016    0.626409152805
0.1024    0.511530657424
0.1032    0.659954353727
0.104    0.42998582114
0.1048    0.744049880021
0.1056    0.6334469914
0.1064    0.635590111017
0.1072    0.353354143162
0.108    0.685355816727
0.1088    0.385396436454
0.1096    0.686138203297
0.1104    0.537959973904
0.1112    0.420968907677
0.112    0.576265269032
0.1128    0.560474654704
0.1136    0.439696229478
0.1144    0.6076693585
0.1152    0.524710598175
0.116    0.613468039083
0.1168    0.630235690089
0.1176    0.568119973837
0.1184    0.420506748452
0.1192    0.706848646298
0.12    0.421099786827
0.1208    0.600645644506
0.1216    0.612701923883
0.1224    0.621366432844
0.1232    0.440632627976
0.124    0.474748328428
0.1248    0.672655066458
0.1256    0.678722715217
0.1264    0.60670291507
0.1272    0.410023205797
0.128    0.365237585195
0.1288    0.478566326524
0.1296    0.571184627342
0.1304    0.522150532723
0.1312    0.55443726471
0.132    0.544780555954
0.1328    0.45262630773
0.1336    0.460501930786
0.1344    0.548090084087
0.1352    0.402765168905
0.136    0.78103445205
0.1368    0.574815603536
0.1376    0.441228835363
0.1384    0.716664747367
0.1392    0.646321732384
0.14    0.529393277299
0.1408    0.681136448062
0.1416    0.665700902432
0.1424    0.73355772065
0.1432    0.643007660321
0.144    0.787422370309
0.1448    0.452064553599
0.1456    0.834413766861
0.1464    0.68419794424
0.1472    0.72061559403
0.148    0.433060797629
0.1488    0.603896377432
0.1496    0.563283942729
0.1504    0.393930467773
0.1512    0.635124229489
0.152    0.547298073307
0.1528    0.61090633574
0.1536    0.671609329044
0.1544    0.392880046807
0.1552    0.506789969686
0.156    0.551063516237
0.1568    0.440095731051
0.1576    0.454704758831
0.1584    0.55920519682
0.1592    0.620768801956
0.16    0.423090409067
0.1608    0.556142416581
0.1616    0.332229938748
0.1624    0.351041015635
0.1632    0.585192929799
0.164    0.492470879147
0.1648    0.696072813287
0.1656    0.544323395817
0.1664    0.580118169024
0.1672    0.314106974823
0.168    0.548441107236
0.1688    0.509944517778
0.1696    0.451381533906
0.1704    0.6207663586
0.1712    0.4820008374
0.172    0.570531780957
0.1728    0.552710134244
0.1736    0.51280217916
0.1744    0.572754692437
0.1752    0.573448883877
0.176    0.41913733496
0.1768    0.4276463414
0.1776    0.541054271424
0.1784    0.485456112517
0.1792    0.500228244861
0.18    0.564255813965
0.1808    0.583166182734
0.1816    0.655830616109
0.1824    0.478632940805
0.1832    0.565883644926
0.184    0.612004339618
0.1848    0.461010287858
0.1856    0.593031633584
0.1864    0.602311622782
0.1872    0.660112831146
0.188    0.700020214243
0.1888    0.434982989751
0.1896    0.648350900913
0.1904    0.640660093812
0.1912    0.464185316128
0.192    0.332694692084
0.1928    0.562642438697
0.1936    0.635943694049
0.1944    0.555271739023
0.1952    0.58328777662
0.196    0.583691793905
0.1968    0.641384314208
0.1976    0.576693508735
0.1984    0.780790968635
0.1992    0.596242181152
0.2    0.536459663353
0.2008    0.642642331555
0.2016    0.691793892223
0.2024    0.778227716027
0.2032    0.750348869264
0.204    0.661689650316
0.2048    0.649641491411
0.2056    0.564389412798
0.2064    0.545888711881
0.2072    0.67730769798
0.208    0.504858359726
0.2088    0.494899005294
0.2096    0.362572864842
0.2104    0.664901927558
0.2112    0.658263846932
0.212    0.7844669436
0.2128    0.474299287374
0.2136    0.218517490284
0.2144    0.575903197553
0.2152    0.510354796673
0.216    0.303022213184
0.2168    0.72225343678
0.2176    0.436653094628
0.2184    0.475537754819
0.2192    0.588796678663
0.22    0.542420579243
0.2208    0.348145318575
0.2216    0.391174310947
0.2224    0.364367153848
0.2232    0.360868636519
0.224    0.538983167838
0.2248    0.440466773694
0.2256    0.463265485462
0.2264    0.369619489511
0.2272    0.591200763207
0.228    0.401793443146
0.2288    0.524043187535
0.2296    0.514069646036
0.2304    0.735787224542
0.2312    0.782352360149
0.232    0.454936457204
0.2328    0.600530502907
0.2336    0.526591662909
0.2344    0.46717013147
0.2352    0.629999070503
0.236    0.604785747524
0.2368    0.625967689165
0.2376    0.69013335087
0.2384    0.764449773085
0.2392    0.543732386081
0.24    0.780714367108
0.2408    0.664499359026
0.2416    0.731682090108
0.2424    0.385041532312
0.2432    0.570863619329
0.244    0.765070412981
0.2448    0.721971953182
0.2456    0.491754366855
0.2464    0.584799419048
0.2472    0.703271850462
0.248    0.768166955191
0.2488    0.696242197521
0.2496    0.719737181013
0.2504    0.620141242337
0.2512    0.632708535603
0.252    0.679904705906
0.2528    0.669788954938
0.2536    0.793419825404
0.2544    0.669674862607
0.2552    0.80216096942
0.256    0.62259402734
0.2568    0.578656308924
0.2576    0.715081303132
0.2584    0.636444385881
0.2592    0.755753277406
0.26    0.669238598475
0.2608    0.567248994697
0.2616    0.822960993386
0.2624    0.761740952323
0.2632    0.645270380384
0.264    0.401417279246
0.2648    0.743453903691
0.2656    0.807957221243
0.2664    0.777423348809
0.2672    0.818986516908
0.268    0.721571707668
0.2688    0.793595979144
0.2696    0.703204456642
0.2704    0.698596017096
0.2712    0.72877750929
0.272    0.830441523278
0.2728    0.734839474837
0.2736    0.681985940031
0.2744    0.715128450722
0.2752    0.73247364245
0.276    0.44842266638
0.2768    0.596270220243
0.2776    0.718054541609
0.2784    0.823990961298
0.2792    0.696284156064
0.28    0.72610023719
0.2808    0.692473217248
0.2816    0.866701366326
0.2824    0.744216281408
0.2832    0.668552423402
0.284    0.784441989495
0.2848    0.782831112881
0.2856    0.600013521809
0.2864    0.809761386343
0.2872    0.741468707841
0.288    0.450696291398
0.2888    0.843793804628
0.2896    0.684385393738
0.2904    0.798485971568
0.2912    0.838621102644
0.292    0.635544767098
0.2928    0.911411947258
0.2936    0.586160138299
0.2944    0.684922332561
0.2952    0.453503330983
0.296    0.695732402176
0.2968    0.70559200124
0.2976    0.801386336331
0.2984    0.911529257714
0.2992    0.797180811378
0.3    0.720107676632
0.3008    0.922768419499
0.3016    0.681823032957
0.3024    0.789417123064
0.3032    0.725128354124
0.304    0.830529141776
0.3048    0.873525059748
0.3056    0.882236303495
0.3064    0.844087974228
0.3072    0.837364730353
0.308    0.831674133455
0.3088    0.886433504758
0.3096    0.433105419107
0.3104    0.850422688676
0.3112    0.8110176824
0.312    0.830565177272
0.3128    0.800220544175
0.3136    0.72946869046
0.3144    0.598634329962
0.3152    0.8641236475
0.316    0.741432841644
0.3168    0.776449746176
0.3176    0.655577043321
0.3184    0.76960985276
0.3192    0.706558131474
0.32    0.784176745235
0.3208    0.800482328011
0.3216    0.791830190716
0.3224    0.811362785682
0.3232    0.747724805853
0.324    0.790264048164
0.3248    0.754863996003
0.3256    0.882191100931
0.3264    0.707501983749
0.3272    0.798491142774
0.328    0.883978876584
0.3288    0.86956673174
0.3296    0.725705354434
0.3304    0.860881153005
0.3312    0.900210442005
0.332    0.725224894576
0.3328    0.731099841694
0.3336    0.733346620824
0.3344    0.903154527684
0.3352    0.911834556667
0.336    0.764834764989
0.3368    0.859061444642
0.3376    0.836029239747
0.3384    0.851594307795
0.3392    0.823923600554
0.34    0.801811911367
0.3408    0.877422237863
0.3416    0.771366614439
0.3424    0.730554282341
0.3432    0.818491504103
0.344    0.915997818004
0.3448    0.885822675221
0.3456    0.781374624946
0.3464    0.909906406097
0.3472    0.851063805945
0.348    0.786801512195
0.3488    0.803486861284
0.3496    0.710410626882
0.3504    0.822500155035
0.3512    0.700661585115
0.352    0.631341332465
0.3528    0.77715324452
0.3536    0.702797462992
0.3544    0.752996698974
0.3552    0.755932006424
0.356    0.716356906457
0.3568    0.846138943761
0.3576    0.790062160375
0.3584    0.748128917684
0.3592    0.843435838852
0.36    0.786463332934
0.3608    0.837291479508
0.3616    0.740187436191
0.3624    0.81170426236
0.3632    0.878174412906
0.364    0.769185808205
0.3648    0.824752484649
0.3656    0.699211001002
0.3664    0.814935230334
0.3672    0.82288745438
0.368    0.761660391294
0.3688    0.902804002386
0.3696    0.821651929722
0.3704    0.818265871633
0.3712    0.875859281564
0.372    0.838055890044
0.3728    0.674145433427
0.3736    0.739793611587
0.3744    0.857551181175
0.3752    0.891608636317
0.376    0.82892053494
0.3768    0.75857259382
0.3776    0.806098804434
0.3784    0.713277644922
0.3792    0.795702039375
0.38    0.773827897176
0.3808    0.746824880957
0.3816    0.774162032468
0.3824    0.859052575132
0.3832    0.796701715465
0.384    0.866054639838
0.3848    0.590650440106
0.3856    0.81336076292
0.3864    0.848647157991
0.3872    0.814616123892
0.388    0.622912019669
0.3888    0.835938302883
0.3896    0.805478434406
0.3904    0.878537455093
0.3912    0.760142777651
0.392    0.808154325739
0.3928    0.852287938006
0.3936    0.836855162907
0.3944    0.945666678193
0.3952    0.90003416345
0.396    0.695582214893
0.3968    0.88093102127
0.3976    0.892926268928
0.3984    0.64248075772
0.3992    0.789943886445
0.4    0.793058851026
0.4008    0.827830177586
0.4016    0.896708547689
0.4024    0.804994602416
0.4032    0.780848529362
0.404    0.85014286848
0.4048    0.791954600499
0.4056    0.723276798983
0.4064    0.57836494185
0.4072    0.767952154492
0.408    0.873087774037
0.4088    0.857294227385
0.4096    0.868188644156
0.4104    0.807109793144
0.4112    0.83453227934
0.412    0.761774349847
0.4128    0.843643747262
0.4136    0.882592280797
0.4144    0.858749200219
0.4152    0.900245149795
0.416    0.812194116356
0.4168    0.817899213544
0.4176    0.648589298471
0.4184    0.714142628337
0.4192    0.798418870872
0.42    0.84974392233
0.4208    0.83755030371
0.4216    0.914144264628
0.4224    0.744111012009
0.4232    0.808081019053
0.424    0.826236630579
0.4248    0.816895248325
0.4256    0.879029642968
0.4264    0.862393942048
0.4272    0.860691058053
0.428    0.923635212716
0.4288    0.938909154615
0.4296    0.841980762266
0.4304    0.837982097424
0.4312    0.873774790628
0.432    0.825936210326
0.4328    0.829671954296
0.4336    0.896536508015
0.4344    0.790932847325
0.4352    0.746673279235
0.436    0.698802159657
0.4368    0.829907894645
0.4376    0.773581238551
0.4384    0.640463031366
0.4392    0.868051781598
0.44    0.886575723824
0.4408    0.879200996232
0.4416    0.834355400166
0.4424    0.624182008197
0.4432    0.689558633006
0.444    0.737924930606
0.4448    0.741764064939
0.4456    0.676106417429
0.4464    0.575740359007
0.4472    0.89815205418
0.448    0.701711477309
0.4488    0.826054081362
0.4496    0.798037189497
0.4504    0.700404524684
0.4512    0.868049491494
0.452    0.817230682015
0.4528    0.837288260124
0.4536    0.825950316185
0.4544    0.849334619653
0.4552    0.85642232408
0.456    0.787895987242
0.4568    0.828988988858
0.4576    0.852300818007
0.4584    0.804936248763
0.4592    0.631918761851
0.46    0.782121284697
0.4608    0.790384498378
0.4616    0.714197823292
0.4624    0.646893774901
0.4632    0.754529384924
0.464    0.80419617949
0.4648    0.753231138939
0.4656    0.739041443413
0.4664    0.718748646746
0.4672    0.80930894417
0.468    0.717993767478
0.4688    0.843624390985
0.4696    0.847842780182
0.4704    0.875545022834
0.4712    0.79607679739
0.472    0.788484507675
0.4728    0.837023646078
0.4736    0.722933676401
0.4744    0.889149320638
0.4752    0.837617140823
0.476    0.902904951978
0.4768    0.824827673023
0.4776    0.639174647833
0.4784    0.841873751555
0.4792    0.839799607269
0.48    0.837504551568
0.4808    0.869318371334
0.4816    0.760831226647
0.4824    0.848615450195
0.4832    0.803568965075
0.484    0.783253210375
0.4848    0.65407192119
0.4856    0.841666575473
0.4864    0.796972009555
0.4872    0.878573596374
0.488    0.669335317761
0.4888    0.908084196477
0.4896    0.883055970253
0.4904    0.836624368352
0.4912    0.838974707615
0.492    0.778825437885
0.4928    0.841586422471
0.4936    0.736933611644
0.4944    0.891153418337
0.4952    0.928961580419
0.496    0.753527850493
0.4968    0.892004031462
0.4976    0.872698707874
0.4984    0.818947633989
0.4992    0.82413840886
0.5    0.852045952177
0.5008    0.775867819298
0.5016    0.877078878912
0.5024    0.679072427476
0.5032    0.868417776594
0.504    0.755488526275
0.5048    0.853488829524
0.5056    0.780458888182
0.5064    0.839162352341
0.5072    0.902811755719
0.508    0.812604055833
0.5088    0.587308698044
0.5096    0.787882451865
0.5104    0.804054430276
0.5112    0.866800893005
0.512    0.870524742404
0.5128    0.834366975854
0.5136    0.774107351343
0.5144    0.789802818664
0.5152    0.786618789557
0.516    0.88766285561
0.5168    0.899320096461
0.5176    0.779861597818
0.5184    0.811299088662
0.5192    0.829722244273
0.52    0.811988534306
0.5208    0.887464796964
0.5216    0.904615669222
0.5224    0.899270186409
0.5232    0.935828987247
0.524    0.800632945608
0.5248    0.801174142381
0.5256    0.845973708259
0.5264    0.857531972534
0.5272    0.789957312206
0.528    0.730596482312
0.5288    0.874741259214
0.5296    0.887736972414
0.5304    0.883784371291
0.5312    0.840821796122
0.532    0.882309606539
0.5328    0.942091101444
0.5336    0.789725352446
0.5344    0.878260384685
0.5352    0.847186899438
0.536    0.856479245699
0.5368    0.746846013832
0.5376    0.955598571157
0.5384    0.953336719883
0.5392    0.866978635923
0.54    0.771026219727
0.5408    0.928954551681
0.5416    0.863137630487
0.5424    0.869896971094
0.5432    0.88408346519
0.544    0.928964650406
0.5448    0.84177766263
0.5456    0.850781144583
0.5464    0.87209789783
0.5472    0.921830940164
0.548    0.879140426638
0.5488    0.850659570923
0.5496    0.767981023021
0.5504    0.871446837954
0.5512    0.856724477312
0.552    0.865952197802
0.5528    0.885133514164
0.5536    0.885988650029
0.5544    0.866696675914
0.5552    0.846370785734
0.556    0.81550649632
0.5568    0.90550550749
0.5576    0.821948205835
0.5584    0.931745164877
0.5592    0.881228503627
0.56    0.944842329071
0.5608    0.856568336872
0.5616    0.863733916396
0.5624    0.884544063559
0.5632    0.892881211791
0.564    0.950413566786
0.5648    0.758877815586
0.5656    0.893579883096
0.5664    0.929622128662
0.5672    0.901136644632
0.568    0.922999304939
0.5688    0.687864128871
0.5696    0.922234674321
0.5704    0.876726896266
0.5712    0.824651908365
0.572    0.892973823918
0.5728    0.839559131434
0.5736    0.913689970379
0.5744    0.912326263063
0.5752    0.924306934693
0.576    0.874744828136
0.5768    0.785217851006
0.5776    0.796180814
0.5784    0.700635746721
0.5792    0.866537901412
0.58    0.930138389364
0.5808    0.949842384945
0.5816    0.948572301299
0.5824    0.801146775439
0.5832    0.95579496264
0.584    0.880617071779
0.5848    0.835321508893
0.5856    0.909132686653
0.5864    0.889169094047
0.5872    0.837111008643
0.588    0.937839480291
0.5888    0.946918969998
0.5896    0.838953802949
0.5904    0.805638278363
0.5912    0.984025007606
0.592    0.905216827675
0.5928    0.923566441126
0.5936    0.876257809695
0.5944    0.941231551933
0.5952    0.831839417942
0.596    0.832265632025
0.5968    0.893196542292
0.5976    0.910976348168
0.5984    0.890476806735
0.5992    0.849576165905
0.6    0.803650491503
0.6008    0.903008757968
0.6016    0.91114165613
0.6024    0.826767745386
0.6032    0.869433507602
0.604    0.904752189489
0.6048    0.804832815689
0.6056    0.768366493903
0.6064    0.814660733396
0.6072    0.744258760199
0.608    0.938699472346
0.6088    0.821894413596
0.6096    0.860150709477
0.6104    0.807634794288
0.6112    0.895267276786
0.612    0.763295367087
0.6128    0.926147373944
0.6136    0.908669160138
0.6144    0.966987274467
0.6152    0.733589726456
0.616    0.820388190964
0.6168    0.750014798405
0.6176    0.903216878697
0.6184    0.700609879828
0.6192    0.874014007377
0.62    0.820183559493
0.6208    0.902519785598
0.6216    0.901962449549
0.6224    0.616065834181
0.6232    0.723326861002
0.624    0.746473713056
0.6248    0.790707052434
0.6256    0.780009626361
0.6264    0.77730303297
0.6272    0.882887143309
0.628    0.798882931882
0.6288    0.671540063018
0.6296    0.759080034403
0.6304    0.807671362994
0.6312    0.921875285327
0.632    0.638215560119
0.6328    0.819319510179
0.6336    0.695522149396
0.6344    0.866083131112
0.6352    0.823928216937
0.636    0.907338688367
0.6368    0.775979331358
0.6376    0.72935972171
0.6384    0.822397267154
0.6392    0.880955445075
0.64    0.934380607485
0.6408    0.904888468142
0.6416    0.839954780953
0.6424    0.910307559476
0.6432    0.877870379094
0.644    0.900022617049
0.6448    0.951224875876
0.6456    0.955825324254
0.6464    0.864086204378
0.6472    0.839498221852
0.648    0.737956873466
0.6488    0.903617585058
0.6496    0.978656340543
0.6504    0.846316049592
0.6512    0.934700288454
0.652    0.848636173792
0.6528    0.871283658263
0.6536    0.921213155973
0.6544    0.814299086823
0.6552    0.914397013881
0.656    0.805696849152
0.6568    0.900398165205
0.6576    0.908758206542
0.6584    0.894117816067
0.6592    0.821708749231
0.66    0.872189322147
0.6608    0.846419850937
0.6616    0.859459212506
0.6624    0.702181995153
0.6632    0.946664919908
0.664    0.943443700427
0.6648    0.889803627809
0.6656    0.884009998923
0.6664    0.829630066857
0.6672    0.95505006253
0.668    0.915782278425
0.6688    0.964846085109
0.6696    0.882443859991
0.6704    0.942374685855
0.6712    0.879290108861
0.672    0.860579519883
0.6728    0.883127564843
0.6736    0.915197358241
0.6744    0.915650425903
0.6752    0.915339187379
0.676    0.954273266034
0.6768    0.907641000014
0.6776    0.883705963037
0.6784    0.807493143569
0.6792    0.897527295999
0.68    0.919974152361
0.6808    0.830968277756
0.6816    0.81845182017
0.6824    0.903048331587
0.6832    0.903929926501
0.684    0.888956828387
0.6848    0.951636099349
0.6856    0.873116575648
0.6864    0.900429259857
0.6872    0.977195083329
0.688    0.915657097727
0.6888    0.863225660453
0.6896    0.833983427756
0.6904    0.918787022215
0.6912    0.84260466993
0.692    0.784493902608
0.6928    0.841442770565
0.6936    0.893211056073
0.6944    0.895839706805
0.6952    0.892667770131
0.696    0.77317789118
0.6968    0.813595285495
0.6976    0.829742004227
0.6984    0.925729673797
0.6992    0.720451291785
0.7    0.823754817088
0.7008    0.869516530717
0.7016    0.909886431321
0.7024    0.927402056555
0.7032    0.905815838001
0.704    0.923174142597
0.7048    0.927301258159
0.7056    0.786203333353
0.7064    0.908209038096
0.7072    0.807733507166
0.708    0.889914701754
0.7088    0.829673172657
0.7096    0.742291306163
0.7104    0.85722164231
0.7112    0.82256112343
0.712    0.826946211236
0.7128    0.748834506311
0.7136    0.871563632203
0.7144    0.924254587507
0.7152    0.881959764783
0.716    0.893387568618
0.7168    0.846703206162
0.7176    0.837948869051
0.7184    0.935180925052
0.7192    0.942087070719
0.72    0.834207730623
0.7208    0.790156444768
0.7216    0.964271272737
0.7224    0.809776437238
0.7232    0.873933951908
0.724    0.920042554374
0.7248    0.703063400173
0.7256    0.861162083582
0.7264    0.777038477607
0.7272    0.842272898772
0.728    0.854390999284
0.7288    0.779210869457
0.7296    0.805209579091
0.7304    0.748826165883
0.7312    0.887609511119
0.732    0.832670468657
0.7328    0.557785674245
0.7336    0.790664374138
0.7344    0.773724792896
0.7352    0.710868138576
0.736    0.598230362311
0.7368    0.737039699775
0.7376    0.853471154488
0.7384    0.781502904581
0.7392    0.732367857148
0.74    0.845786714575
0.7408    0.732945538162
0.7416    0.64961575781
0.7424    0.889127577109
0.7432    0.75615940844
0.744    0.73977983979
0.7448    0.773642332531
0.7456    0.749592595184
0.7464    0.719894747887
0.7472    0.711259398648
0.748    0.824779175958
0.7488    0.69398311958
0.7496    0.682446264053
0.7504    0.766588026678
0.7512    0.785636346218
0.752    0.734565594014
0.7528    0.554298977388
0.7536    0.855202409437
0.7544    0.810378524542
0.7552    0.900664250269
0.756    0.797417207615
0.7568    0.787985468033
0.7576    0.693790472864
0.7584    0.762600504715
0.7592    0.868276221939
0.76    0.746993344085
0.7608    0.835876478148
0.7616    0.79395405433
0.7624    0.749400344492
0.7632    0.699685715574
0.764    0.770767218864
0.7648    0.759826471109
0.7656    0.887757395396
0.7664    0.852059342376
0.7672    0.751794105616
0.768    0.714910091896
0.7688    0.687818303584
0.7696    0.645065309842
0.7704    0.771043218572
0.7712    0.784928195446
0.772    0.601409354017
0.7728    0.842744881716
0.7736    0.833857869554
0.7744    0.95157861609
0.7752    0.88675907356
0.776    0.761516014553
0.7768    0.686008797384
0.7776    0.81226341136
0.7784    0.663637998213
0.7792    0.836776720795
0.78    0.856435454494
0.7808    0.675007818077
0.7816    0.802156494877
0.7824    0.611208744052
0.7832    0.851251356511
0.784    0.76195198942
0.7848    0.745033096955
0.7856    0.835776986204
0.7864    0.794357855522
0.7872    0.899777424162
0.788    0.849854788403
0.7888    0.860171789029
0.7896    0.802394135782
0.7904    0.813345065834
0.7912    0.912182384016
0.792    0.862227884057
0.7928    0.868100495373
0.7936    0.865995708617
0.7944    0.846696337702
0.7952    0.899447433711
0.796    0.915374996382
0.7968    0.900001146883
0.7976    0.886338778915
0.7984    0.895308958906
0.7992    0.868169937531
0.8    0.858719999359
0.8008    0.91917256333
0.8016    0.903027171979
0.8024    0.828491781876
0.8032    0.95874714737
0.804    0.895074604218
0.8048    0.84554123795
0.8056    0.918649578465
0.8064    0.801934888316
0.8072    0.879213530409
0.808    0.884655273621
0.8088    0.853266729273
0.8096    0.959028575076
0.8104    0.790706206542
0.8112    0.907470117513
0.812    0.897705022903
0.8128    0.939562654469
0.8136    0.898364854229
0.8144    0.910090626658
0.8152    0.794362379473
0.816    0.841680789509
0.8168    0.89674605813
0.8176    0.888710598508
0.8184    0.852072304431
0.8192    0.824516410122
0.82    0.925876600676
0.8208    0.843291846997
0.8216    0.893585216882
0.8224    0.776751209078
0.8232    0.917203635971
0.824    0.923706981041
0.8248    0.904310204403
0.8256    0.874462182999
0.8264    0.948417067567
0.8272    0.925341439975
0.828    0.945859515828
0.8288    0.858054094891
0.8296    0.90053313586
0.8304    0.935932324398
0.8312    0.908503927369
0.832    0.863195929442
0.8328    0.878743272728
0.8336    0.894430687752
0.8344    0.831142045465
0.8352    0.81216087279
0.836    0.848721056873
0.8368    0.880861780232
0.8376    0.892705643718
0.8384    0.884346355086
0.8392    0.876528693072
0.84    0.901629379431
0.8408    0.92360735771
0.8416    0.900353940347
0.8424    0.93073661488
0.8432    0.938769217113
0.844    0.899527541154
0.8448    0.861734825945
0.8456    0.869056268705
0.8464    0.898018278878
0.8472    0.956604939372
0.848    0.931027064529
0.8488    0.924357827306
0.8496    0.930369661341
0.8504    0.918651192122
0.8512    0.917322994485
0.852    0.943208413277
0.8528    0.920233220005
0.8536    0.899102625625
0.8544    0.896690489961
0.8552    0.819299905507
0.856    0.853001599868
0.8568    0.864035675007
0.8576    0.849191079981
0.8584    0.877350440676
0.8592    0.851316984852
0.86    0.892795266938
0.8608    0.855807690389
0.8616    0.937573014921
0.8624    0.837737140698
0.8632    0.796127460837
0.864    0.807326369296
0.8648    0.903328861494
0.8656    0.867142805639
0.8664    0.869005599076
0.8672    0.933505668677
0.868    0.883945961979
0.8688    0.846564812587
0.8696    0.910695707487
0.8704    0.853054464633
0.8712    0.93552081566
0.872    0.811872426081
0.8728    0.861061725969
0.8736    0.896865290049
0.8744    0.891071428191
0.8752    0.829215601165
0.876    0.876317502276
0.8768    0.948388758089
0.8776    0.8521680117
0.8784    0.850737117477
0.8792    0.917529902199
0.88    0.919927878444
0.8808    0.884759587943
0.8816    0.934603765277
0.8824    0.715425332778
0.8832    0.903350258704
0.884    0.841756192346
0.8848    0.927137699377
0.8856    0.87802564752
0.8864    0.905636253144
0.8872    0.947578636475
0.888    0.94874956762
0.8888    0.81435771012
0.8896    0.917231697984
0.8904    0.869221925057
0.8912    0.844007407118
0.892    0.871574316715
0.8928    0.938973823572
0.8936    0.966114181336
0.8944    0.75322642111
0.8952    0.814046808895
0.896    0.679472566705
0.8968    0.737220475948
0.8976    0.86968748332
0.8984    0.802265854096
0.8992    0.83895997554
0.9    0.741141451106
0.9008    0.933309759562
0.9016    0.809492972802
0.9024    0.812283158997
0.9032    0.825954882027
0.904    0.919413580376
0.9048    0.905980951938
0.9056    0.892415801575
0.9064    0.777912532006
0.9072    0.903920129259
0.908    0.790217215715
0.9088    0.733710696844
0.9096    0.922820273154
0.9104    0.948546700159
0.9112    0.887812073431
0.912    0.827337208439
0.9128    0.922915496322
0.9136    0.811699886732
0.9144    0.921078224548
0.9152    0.912544654168
0.916    0.796768774597
0.9168    0.946864106173
0.9176    0.857523924045
0.9184    0.78807617967
0.9192    0.858226241928
0.92    0.760725427411
0.9208    0.825714689855
0.9216    0.921241961494
0.9224    0.937390538252
0.9232    0.920810884892
0.924    0.884031301175
0.9248    0.868400053463
0.9256    0.905934885546
0.9264    0.934641589128
0.9272    0.963271461779
0.928    0.898952622112
0.9288    0.848234948263
0.9296    0.89513061377
0.9304    0.971067322192
0.9312    0.946887320236
0.932    0.849745043556
0.9328    0.936898279826
0.9336    0.921165600603
0.9344    0.830377804917
0.9352    0.831054040804
0.936    0.883692500518
0.9368    0.887359929061
0.9376    0.772213377596
0.9384    0.904846392941
0.9392    0.769299852634
0.94    0.926755495433
0.9408    0.939241433226
0.9416    0.967884859195
0.9424    0.81026773386
0.9432    0.909412267928
0.944    0.919381657975
0.9448    0.957373843019
0.9456    0.941473819127
0.9464    0.915196491979
0.9472    0.85862060756
0.948    0.874705226326
0.9488    0.899125878239
0.9496    0.869211627386
0.9504    0.944365007284
0.9512    0.848858725285
0.952    0.892032093297
0.9528    0.833309776238
0.9536    0.904245587635
0.9544    0.881248981537
0.9552    0.958130553271
0.956    0.889733329448
0.9568    0.858251632998
0.9576    0.951244282483
0.9584    0.859524779526
0.9592    0.886987989251
0.96    0.937229569321
0.9608    0.934737417461
0.9616    0.859454032219
0.9624    0.956057557805
0.9632    0.941564897497
0.964    0.96660809136
0.9648    0.923663243299
0.9656    0.940644096045
0.9664    0.871793570767
0.9672    0.918439571875
0.968    0.964243786118
0.9688    0.952588058042
0.9696    0.896937572418
0.9704    0.859570767651
0.9712    0.88017703883
0.972    0.921917068407
0.9728    0.950847910163
0.9736    0.910856476785
0.9744    0.873579058564
0.9752    0.936463425674
0.976    0.916840450522
0.9768    0.929929571913
0.9776    0.945353889277
0.9784    0.869654474517
0.9792    0.880807908693
0.98    0.889557724023
0.9808    0.931092933662
0.9816    0.913923853858
0.9824    0.921652355032
0.9832    0.89422024017
0.984    0.865469476111
0.9848    0.945915822457
0.9856    0.895699483569
0.9864    0.879128721888
0.9872    0.869723481068
0.988    0.905839663554
0.9888    0.93885194583
0.9896    0.894747318537
0.9904    0.956893798084
0.9912    0.949943557256
0.992    0.942678049107
0.9928    0.903714113921
0.9936    0.947139604736
0.9944    0.972453987659
0.9952    0.925613918495
0.996    0.942508792625
0.9968    0.955886092317
0.9976    0.919265588218
0.9984    0.944600300774
0.9992    0.949852793743
1.0    0.932414752901
1.0008    0.958298204755
1.0016    0.942533401186
1.0024    0.899674004737
1.0032    0.919651547599
1.004    0.912481950613
1.0048    0.923399605007
1.0056    0.927817254458
1.0064    0.970617825978
1.0072    0.931263413936
1.008    0.963985650988
1.0088    0.948835615988
1.0096    0.901212613234
1.0104    0.948699630648
1.0112    0.930237930026
1.012    0.966559718065
1.0128    0.892387598057
1.0136    0.918665393845
1.0144    0.932436169802
1.0152    0.915716190167
1.016    0.930407442197
1.0168    0.933757850237
1.0176    0.911698868046
1.0184    0.83396439159
1.0192    0.953639756879
1.02    0.828772354057
1.0208    0.870312108472
1.0216    0.951203190765
1.0224    0.858193967571
1.0232    0.915596197482
1.024    0.856785806229
1.0248    0.920494501422
1.0256    0.94511207501
1.0264    0.937788734793
1.0272    0.935116368042
1.028    0.915728030962
1.0288    0.938165658504
1.0296    0.925907767129
1.0304    0.86426638829
1.0312    0.935834069842
1.032    0.968786360222
1.0328    0.920892829002
1.0336    0.942059067663
1.0344    0.966966564649
1.0352    0.918988308147
1.036    0.88738451139
1.0368    0.945452030135
1.0376    0.943340073621
1.0384    0.943467195777
1.0392    0.935169992936
1.04    0.950827250113
1.0408    0.906303655793
1.0416    0.878764184739
1.0424    0.957163080163
1.0432    0.927054814307
1.044    0.890315813612
1.0448    0.917589978616
1.0456    0.946425537703
1.0464    0.936362692963
1.0472    0.971243739141
1.048    0.930606430004
1.0488    0.950715812032
1.0496    0.870796272889
1.0504    0.920650693117
1.0512    0.934781978722
1.052    0.932943101832
1.0528    0.958913953548
1.0536    0.923016277718
1.0544    0.899723518476
1.0552    0.921101552808
1.056    0.926328366448
1.0568    0.901371194012
1.0576    0.96758337808
1.0584    0.917427182878
1.0592    0.886885036573
1.06    0.904645463922
1.0608    0.948956780525
1.0616    0.945888970748
1.0624    0.975453779518
1.0632    0.927383553069
1.064    0.963886785005
1.0648    0.927609178598
1.0656    0.93626099797
1.0664    0.907854793938
1.0672    0.891578192036
1.068    0.940205835508
1.0688    0.861496142796
1.0696    0.944137483348
1.0704    0.937141019686
1.0712    0.962521442755
1.072    0.969952938459
1.0728    0.970049709177
1.0736    0.909922247813
1.0744    0.974663256378
1.0752    0.936906183884
1.076    0.913805057805
1.0768    0.946868326074
1.0776    0.969226323278
1.0784    0.98069713226
1.0792    0.925120042709
1.08    0.915396823787
1.0808    0.949057964029
1.0816    0.93315734598
1.0824    0.941345421814
1.0832    0.883995329184
1.084    0.941665174057
1.0848    0.930290751399
1.0856    0.891308208716
1.0864    0.932344255207
1.0872    0.843875251738
1.088    0.970610854196
1.0888    0.923890213086
1.0896    0.947415159928
1.0904    0.880914608059
1.0912    0.945236969203
1.092    0.865670060887
1.0928    0.925765401671
1.0936    0.939743334118
1.0944    0.886125818802
1.0952    0.951287786582
1.096    0.926258502076
1.0968    0.968599599057
1.0976    0.909258901323
1.0984    0.917208829273
1.0992    0.891658565313
1.1    0.940768755447
1.1008    0.950788588793
1.1016    0.917623358707
1.1024    0.961364252337
1.1032    0.963079784618
1.104    0.970776424749
1.1048    0.951095148056
1.1056    0.946849295384
1.1064    0.853539801039
1.1072    0.862489668588
1.108    0.934425866945
1.1088    0.94407752535
1.1096    0.934364082581
1.1104    0.897583535265
1.1112    0.940566421142
1.112    0.918897967429
1.1128    0.944777033508
1.1136    0.931255858185
1.1144    0.946168323406
1.1152    0.936251947215
1.116    0.934326510597
1.1168    0.945410437051
1.1176    0.94806051191
1.1184    0.871145429966
1.1192    0.961418841678
1.12    0.937364711852
1.1208    0.868047673176
1.1216    0.920210460521
1.1224    0.859666947068
1.1232    0.936072257833
1.124    0.912808417759
1.1248    0.934227602029
1.1256    0.951843178445
1.1264    0.976172374407
1.1272    0.935260468742
1.128    0.950857591569
1.1288    0.919814120566
1.1296    0.902535801871
1.1304    0.885382183313
1.1312    0.898477561317
1.132    0.89840225104
1.1328    0.892220246681
1.1336    0.878698630186
1.1344    0.921340190501
1.1352    0.924545701134
1.136    0.922214300384
1.1368    0.930559163751
1.1376    0.939904895148
1.1384    0.943158678531
1.1392    0.952101078738
1.14    0.942102533773
1.1408    0.924949450265
1.1416    0.952387124099
1.1424    0.905200519335
1.1432    0.926986832819
1.144    0.952749657644
1.1448    0.96057922902
1.1456    0.932055549315
1.1464    0.962616883902
1.1472    0.888056811371
1.148    0.893923687752
1.1488    0.938495669175
1.1496    0.920657768553
1.1504    0.971743024691
1.1512    0.930360782384
1.152    0.907702210695
1.1528    0.93734890733
1.1536    0.906075634996
1.1544    0.91168767217
1.1552    0.951448625222
1.156    0.87582602332
1.1568    0.968605069662
1.1576    0.89702015388
1.1584    0.940244605049
1.1592    0.956913029861
1.16    0.923416334723
1.1608    0.933123512418
1.1616    0.801856841406
1.1624    0.898659083964
1.1632    0.955102059677
1.164    0.90206340279
1.1648    0.916611798641
1.1656    0.906104444276
1.1664    0.862881143348
1.1672    0.914333927875
1.168    0.943291254395
1.1688    0.927698035932
1.1696    0.946441231559
1.1704    0.943907596922
1.1712    0.841593745308
1.172    0.945715788447
1.1728    0.886001384162
1.1736    0.902304697007
1.1744    0.910127551608
1.1752    0.882904178247
1.176    0.947003706964
1.1768    0.918721485798
1.1776    0.920270848793
1.1784    0.948486044583
1.1792    0.934115977038
1.18    0.84680041762
1.1808    0.901553137626
1.1816    0.915023716651
1.1824    0.89785983128
1.1832    0.932103981174
1.184    0.880474519177
1.1848    0.916563228468
1.1856    0.960405491509
1.1864    0.934445226798
1.1872    0.949007313718
1.188    0.949337012028
1.1888    0.954305497197
1.1896    0.969879565496
1.1904    0.950418004022
1.1912    0.972767434489
1.192    0.918107045098
1.1928    0.961531829308
1.1936    0.86410389799
1.1944    0.930059677159
1.1952    0.951431338911
1.196    0.889991030451
1.1968    0.92817990923
1.1976    0.959578439276
1.1984    0.921503628477
1.1992    0.958423187485
1.2    0.962800631047
1.2008    0.952455335884
1.2016    0.909386878909
1.2024    0.943440539506
1.2032    0.955718416423
1.204    0.973652755546
1.2048    0.970361004385
1.2056    0.919941965005
1.2064    0.972160406935
1.2072    0.967962451733
1.208    0.932941819686
1.2088    0.865166961904
1.2096    0.888741638264
1.2104    0.969319748698
1.2112    0.935433057918
1.212    0.962164508185
1.2128    0.91832570421
1.2136    0.907133836686
1.2144    0.922392341733
1.2152    0.930321283554
1.216    0.971414245344
1.2168    0.90896284481
1.2176    0.932881448318
1.2184    0.955597341941
1.2192    0.900390599072
1.22    0.972939977347
1.2208    0.968951691734
1.2216    0.946540396324
1.2224    0.963105160974
1.2232    0.940560294672
1.224    0.966584904304
1.2248    0.942863295292
1.2256    0.92356657698
1.2264    0.95250136079
1.2272    0.914685781749
1.228    0.904555272252
1.2288    0.953060555
1.2296    0.964128966757
1.2304    0.93634981379
1.2312    0.969355583557
1.232    0.946013772538
1.2328    0.919059683135
1.2336    0.952049755831
1.2344    0.87652860842
1.2352    0.938593232274
1.236    0.957920484282
1.2368    0.977782734994
1.2376    0.949613079006
1.2384    0.898203317569
1.2392    0.954892143085
1.24    0.929089556233
1.2408    0.942475911427
1.2416    0.953443153792
1.2424    0.915616512152
1.2432    0.940157978591
1.244    0.937699688004
1.2448    0.926578660138
1.2456    0.960203823198
1.2464    0.914039237493
1.2472    0.945783472408
1.248    0.953742667075
1.2488    0.942540815611
1.2496    0.944299932908
1.2504    0.939676938941
1.2512    0.931068028395
1.252    0.952694040465
1.2528    0.908654544006
1.2536    0.942690362885
1.2544    0.967439745314
1.2552    0.930804941002
1.256    0.92391101698
1.2568    0.928680685798
1.2576    0.97922708278
1.2584    0.926519207573
1.2592    0.94019030755
1.26    0.974756152862
1.2608    0.956061966234
1.2616    0.946209403043
1.2624    0.958067905207
1.2632    0.949989695277
1.264    0.959785914566
1.2648    0.960554011528
1.2656    0.882113614055
1.2664    0.952036323762
1.2672    0.923166912097
1.268    0.977135417072
1.2688    0.898615061673
1.2696    0.938797447476
1.2704    0.864377675007
1.2712    0.960395959729
1.272    0.952793114408
1.2728    0.862922773507
1.2736    0.935288107101
1.2744    0.943569343327
1.2752    0.923129774476
1.276    0.925051699821
1.2768    0.922101649126
1.2776    0.922248970909
1.2784    0.882582630888
1.2792    0.93583922277
1.28    0.940587439984
1.2808    0.876874677655
1.2816    0.897170192875
1.2824    0.955396271297
1.2832    0.952290525338
1.284    0.914119067161
1.2848    0.93998635459
1.2856    0.951212555626
1.2864    0.907278761655
1.2872    0.930812342228
1.288    0.928347396445
1.2888    0.912233545827
1.2896    0.886742258829
1.2904    0.939489967683
1.2912    0.976822541987
1.292    0.951033274287
1.2928    0.94033166627
1.2936    0.960292603308
1.2944    0.961118042247
1.2952    0.850951810816
1.296    0.942831070107
1.2968    0.968639098967
1.2976    0.949174342413
1.2984    0.969968963028
1.2992    0.947089614544
1.3    0.955016957716
1.3008    0.937087383384
1.3016    0.838376147069
1.3024    0.962993607385
1.3032    0.947526673612
1.304    0.920798288342
1.3048    0.957295089502
1.3056    0.905284470393
1.3064    0.926123655581
1.3072    0.935802081523
1.308    0.937841990554
1.3088    0.965066606018
1.3096    0.962503974348
1.3104    0.932452498963
1.3112    0.965290261528
1.312    0.92058521916
1.3128    0.971769089417
1.3136    0.933692114326
1.3144    0.96133597622
1.3152    0.912772186164
1.316    0.943517522075
1.3168    0.974945824779
1.3176    0.975754318006
1.3184    0.983130550001
1.3192    0.909088376136
1.32    0.914538467933
1.3208    0.970732816969
1.3216    0.952908289169
1.3224    0.950552387753
1.3232    0.975483422188
1.324    0.968795976237
1.3248    0.961770461742
1.3256    0.90572709717
1.3264    0.893339382753
1.3272    0.89464235197
1.328    0.967257303341
1.3288    0.87334137254
1.3296    0.97201295964
1.3304    0.868697440478
1.3312    0.931924196557
1.332    0.937447702168
1.3328    0.898769690145
1.3336    0.957218199197
1.3344    0.938312514986
1.3352    0.959600741511
1.336    0.920425470184
1.3368    0.954817060375
1.3376    0.945376538134
1.3384    0.936171580215
1.3392    0.918760875796
1.34    0.925602882218
1.3408    0.932689100926
1.3416    0.968973417455
1.3424    0.942909054188
1.3432    0.95531765662
1.344    0.947147041608
1.3448    0.892586520267
1.3456    0.938082722834
1.3464    0.982207719299
1.3472    0.871592663605
1.348    0.945093325982
1.3488    0.956242465131
1.3496    0.947337864597
1.3504    0.928053201304
1.3512    0.921244118211
1.352    0.929445417575
1.3528    0.945710575763
1.3536    0.969724742824
1.3544    0.947833161743
1.3552    0.959004204302
1.356    0.944937410565
1.3568    0.925477109293
1.3576    0.949500250222
1.3584    0.878603887941
1.3592    0.889253344068
1.36    0.954236412097
1.3608    0.920025394549
1.3616    0.939145850475
1.3624    0.937314989065
1.3632    0.926613448716
1.364    0.952406582778
1.3648    0.929200377352
1.3656    0.9442641566
1.3664    0.946135644052
1.3672    0.93968923771
1.368    0.955200933615
1.3688    0.944265937906
1.3696    0.93924625333
1.3704    0.94142332383
1.3712    0.93228097203
1.372    0.941128370665
1.3728    0.901504076994
1.3736    0.924273146988
1.3744    0.943186893546
1.3752    0.912246396933
1.376    0.91525730667
1.3768    0.958330738881
1.3776    0.948477864651
1.3784    0.951112694552
1.3792    0.974387878312
1.38    0.960530798026
1.3808    0.971976347333
1.3816    0.968561588048
1.3824    0.97152629555
1.3832    0.9569563935
1.384    0.951337188938
1.3848    0.959849445799
1.3856    0.907158367671
1.3864    0.969856253111
1.3872    0.960316210868
1.388    0.922860017417
1.3888    0.943553702589
1.3896    0.962606674062
1.3904    0.958664466421
1.3912    0.93019949568
1.392    0.974002915466
1.3928    0.948399938931
1.3936    0.956294303944
1.3944    0.948211173752
1.3952    0.954819520331
1.396    0.937005046817
1.3968    0.946640971668
1.3976    0.975174486903
1.3984    0.959398663043
1.3992    0.938927955528
1.4    0.935837017254
1.4008    0.957254233552
1.4016    0.957136074109
1.4024    0.927273529177
1.4032    0.977494020223
1.404    0.912977002708
1.4048    0.934258725171
1.4056    0.945284887549
1.4064    0.927386705909
1.4072    0.925340214875
1.408    0.971659134452
1.4088    0.974461457816
1.4096    0.991598065748
1.4104    0.898026134127
1.4112    0.948406474837
1.412    0.942162894265
1.4128    0.975465456858
1.4136    0.934846569365
1.4144    0.929847588323
1.4152    0.975256044329
1.416    0.908985459181
1.4168    0.93476615435
1.4176    0.956040042997
1.4184    0.896451672829
1.4192    0.958464634414
1.42    0.937803527396
1.4208    0.984746991847
1.4216    0.908048306623
1.4224    0.91044708449
1.4232    0.938806059502
1.424    0.973340096203
1.4248    0.987637141939
1.4256    0.981289472644
1.4264    0.960187025773
1.4272    0.938250628064
1.428    0.95486465838
1.4288    0.965423005539
1.4296    0.963124761195
1.4304    0.936848451701
1.4312    0.932383117263
1.432    0.93942740411
1.4328    0.941294987274
1.4336    0.944758547541
1.4344    0.969009072449
1.4352    0.930411154939
1.436    0.919976027546
1.4368    0.961386924602
1.4376    0.957891781715
1.4384    0.923938196917
1.4392    0.958510010976
1.44    0.940621561208
1.4408    0.941355749989
1.4416    0.936575915833
1.4424    0.93909888556
1.4432    0.950858845611
1.444    0.870850785623
1.4448    0.969908953317
1.4456    0.900590055427
1.4464    0.939980308802
1.4472    0.909837152504
1.448    0.935898930191
1.4488    0.928763490578
1.4496    0.905704955769
1.4504    0.944251440258
1.4512    0.951310218534
1.452    0.891784741945
1.4528    0.910828860161
1.4536    0.950331129401
1.4544    0.922354537628
1.4552    0.924348105056
1.456    0.960630999776
1.4568    0.932736761327
1.4576    0.954836824238
1.4584    0.970317429235
1.4592    0.965713648426
1.46    0.980280574494
1.4608    0.896732774359
1.4616    0.931210730187
1.4624    0.963120872128
1.4632    0.96401761349
1.464    0.95794956319
1.4648    0.969026489793
1.4656    0.955717282046
1.4664    0.914437355758
1.4672    0.96336727304
1.468    0.904023732838
1.4688    0.941733639538
1.4696    0.945771982845
1.4704    0.930569590479
1.4712    0.972940721176
1.472    0.93114365199
1.4728    0.979224659662
1.4736    0.880204236527
1.4744    0.927758866623
1.4752    0.97126261791
1.476    0.969083911303
1.4768    0.926352933083
1.4776    0.976388039145
1.4784    0.957270087091
1.4792    0.973099679518
1.48    0.938848617785
1.4808    0.96154065786
1.4816    0.953194420907
1.4824    0.960974065688
1.4832    0.982817116568
1.484    0.942401508096
1.4848    0.930780934994
1.4856    0.954574532377
1.4864    0.947993257376
1.4872    0.975665317559
1.488    0.896828268803
1.4888    0.967596612256
1.4896    0.922582164217
1.4904    0.909635635291
1.4912    0.924281502798
1.492    0.967880392385
1.4928    0.918440747661
1.4936    0.959963270201
1.4944    0.93522342247
1.4952    0.965649623867
1.496    0.931669766571
1.4968    0.939507392185
1.4976    0.965258081201
1.4984    0.959324850396
1.4992    0.951633830997
1.5    0.951120522709
1.5008    0.97356290347
1.5016    0.883135540827
1.5024    0.910970014336
1.5032    0.970246406706
1.504    0.946441867637
1.5048    0.947605811186
1.5056    0.932747636231
1.5064    0.921275067407
1.5072    0.955864428089
1.508    0.919163737553
1.5088    0.926448927082
1.5096    0.971208984118
1.5104    0.967897572484
1.5112    0.962710571427
1.512    0.943471190219
1.5128    0.867532380556
1.5136    0.91234639613
1.5144    0.944129641004
1.5152    0.938884774117
1.516    0.87173632648
1.5168    0.947786255759
1.5176    0.918132721273
1.5184    0.953903194417
1.5192    0.895715455275
1.52    0.986140168442
1.5208    0.916563422996
1.5216    0.96108325267
1.5224    0.971227023771
1.5232    0.857434363253
1.524    0.888492086519
1.5248    0.957946224177
1.5256    0.857147079162
1.5264    0.937505220518
1.5272    0.939618131696
1.528    0.933100052068
1.5288    0.938687323078
1.5296    0.930972021478
1.5304    0.937403108143
1.5312    0.954908241591
1.532    0.950591699449
1.5328    0.932157416612
1.5336    0.912051381236
1.5344    0.924687806623
1.5352    0.906080039541
1.536    0.942652470696
1.5368    0.945310349796
1.5376    0.944565278295
1.5384    0.978835317294
1.5392    0.957069833435
1.54    0.901588137943
1.5408    0.957023954653
1.5416    0.898444194049
1.5424    0.911506790226
1.5432    0.93339076052
1.544    0.923276782904
1.5448    0.889730810069
1.5456    0.95675308666
1.5464    0.92051124051
1.5472    0.933659408172
1.548    0.940406912964
1.5488    0.924393583076
1.5496    0.963708996896
1.5504    0.951665924842
1.5512    0.937903797917
1.552    0.947768006647
1.5528    0.922631196501
1.5536    0.969277688951
1.5544    0.95665738723
1.5552    0.941347118743
1.556    0.947660079177
1.5568    0.940388666924
1.5576    0.919102873343
1.5584    0.970414142372
1.5592    0.91546722991
1.56    0.951659127572
1.5608    0.947808539478
1.5616    0.936160089712
1.5624    0.954981147562
1.5632    0.910319253412
1.564    0.960328881681
1.5648    0.961658392791
1.5656    0.947363077567
1.5664    0.979969039508
1.5672    0.961449309054
1.568    0.92548057355
1.5688    0.941970479151
1.5696    0.934621243992
1.5704    0.937909112743
1.5712    0.959369962002
1.572    0.962107534326
1.5728    0.942511634143
1.5736    0.947540367925
1.5744    0.945958762208
1.5752    0.977558307756
1.576    0.935047107847
1.5768    0.932444177726
1.5776    0.960767543806
1.5784    0.962055966385
1.5792    0.972542977051
1.58    0.964544362411
1.5808    0.98035559264
1.5816    0.972378770186
1.5824    0.951706930537
1.5832    0.944793989141
1.584    0.969809315352
1.5848    0.934208263855
1.5856    0.932907974464
1.5864    0.873610096393
1.5872    0.910230764472
1.588    0.946680782294
1.5888    0.934758586764
1.5896    0.893892327707
1.5904    0.95317218173
1.5912    0.941342738836
1.592    0.917754277722
1.5928    0.932432077414
1.5936    0.961396860451
1.5944    0.94341899198
1.5952    0.945921100279
1.596    0.888662491714
1.5968    0.952736304376
1.5976    0.964631748678
1.5984    0.944033142136
1.5992    0.963375731035
1.6    0.971255163853
1.6008    0.833864285912
1.6016    0.939709695362
1.6024    0.965364497301
1.6032    0.97053864903
1.604    0.944950157249
1.6048    0.919092777536
1.6056    0.956851050073
1.6064    0.963152938052
1.6072    0.981159244412
1.608    0.960524299744
1.6088    0.968114760658
1.6096    0.934526253555
1.6104    0.941543389637
1.6112    0.941941140356
1.612    0.906413195777
1.6128    0.969794389381
1.6136    0.929996489684
1.6144    0.937163518013
1.6152    0.963667312071
1.616    0.984809243743
1.6168    0.8544996231
1.6176    0.933838413728
1.6184    0.960025159567
1.6192    0.95342800261
1.62    0.933975996248
1.6208    0.928508052689
1.6216    0.847307155915
1.6224    0.864709839862
1.6232    0.95289213455
1.624    0.975359238387
1.6248    0.918143193055
1.6256    0.886461159487
1.6264    0.947141459217
1.6272    0.916952432066
1.628    0.919972718598
1.6288    0.911538045017
1.6296    0.944180219991
1.6304    0.954173407468
1.6312    0.938216866207
1.632    0.942613437363
1.6328    0.924630287051
1.6336    0.955351939566
1.6344    0.963263166906
1.6352    0.939858970566
1.636    0.849692838255
1.6368    0.965621190131
1.6376    0.968012924704
1.6384    0.968766032977
1.6392    0.970968827811
1.64    0.95882004485
1.6408    0.924843775025
1.6416    0.960056014353
1.6424    0.957227560983
1.6432    0.951770981419
1.644    0.972837478717
1.6448    0.921410399402
1.6456    0.940851381109
1.6464    0.942445389702
1.6472    0.86005652444
1.648    0.929236592767
1.6488    0.956042707714
1.6496    0.928608882189
1.6504    0.911720522128
1.6512    0.931487438701
1.652    0.976613027507
1.6528    0.976602161084
1.6536    0.955475261246
1.6544    0.928950636303
1.6552    0.955765005577
1.656    0.960800624997
1.6568    0.918059426858
1.6576    0.950683322082
1.6584    0.938943049054
1.6592    0.964592475
1.66    0.903559860301
1.6608    0.933746699017
1.6616    0.945297888741
1.6624    0.962558292886
1.6632    0.960177106528
1.664    0.942297187196
1.6648    0.913951987127
1.6656    0.974197337356
1.6664    0.908794345053
1.6672    0.922885093324
1.668    0.978922581131
1.6688    0.90904869521
1.6696    0.973565510066
1.6704    0.969497929885
1.6712    0.946914577884
1.672    0.906961913422
1.6728    0.958007159806
1.6736    0.896159252653
1.6744    0.965900659739
1.6752    0.980175826145
1.676    0.966123441021
1.6768    0.963061900418
1.6776    0.965087417344
1.6784    0.911585040378
1.6792    0.98187549311
1.68    0.94754277628
1.6808    0.941373283896
1.6816    0.938955907567
1.6824    0.945559793391
1.6832    0.920941425574
1.684    0.921066915702
1.6848    0.94156397834
1.6856    0.936554069894
1.6864    0.869749412202
1.6872    0.881046485924
1.688    0.923334903626
1.6888    0.948384017236
1.6896    0.964101379263
1.6904    0.94397857641
1.6912    0.952530427695
1.692    0.91705773158
1.6928    0.972126269114
1.6936    0.942529327007
1.6944    0.941622981787
1.6952    0.942080296846
1.696    0.949870266173
1.6968    0.951159207885
1.6976    0.98080722187
1.6984    0.916651791622
1.6992    0.860288784371
1.7    0.976082004025
1.7008    0.954847951782
1.7016    0.943826995983
1.7024    0.956741947965
1.7032    0.901118469333
1.704    0.830214907312
1.7048    0.897034524169
1.7056    0.934354201269
1.7064    0.952478854948
1.7072    0.938219943748
1.708    0.953318219269
1.7088    0.966262054738
1.7096    0.943598924309
1.7104    0.969389388424
1.7112    0.958512348814
1.712    0.951292974698
1.7128    0.970829444746
1.7136    0.95138452694
1.7144    0.979349538765
1.7152    0.963832477826
1.716    0.889962491999
1.7168    0.980642929398
1.7176    0.952368099513
1.7184    0.966751692954
1.7192    0.951229182514
1.72    0.962940691069
1.7208    0.929254348994
1.7216    0.954644870705
1.7224    0.948423808839
1.7232    0.965964527144
1.724    0.919647208204
1.7248    0.96643103598
1.7256    0.949647985691
1.7264    0.906474378367
1.7272    0.910455358576
1.728    0.944671077522
1.7288    0.945685874667
1.7296    0.935116804239
1.7304    0.921223541031
1.7312    0.963640770044
1.732    0.92825951167
1.7328    0.963261082836
1.7336    0.942460520749
1.7344    0.947692412919
1.7352    0.915073799978
1.736    0.968817102917
1.7368    0.941078314825
1.7376    0.98160563575
1.7384    0.954394817357
1.7392    0.94896305244
1.74    0.908971871321
1.7408    0.965403137052
1.7416    0.96082499897
1.7424    0.966939035193
1.7432    0.979997928689
1.744    0.892474771431
1.7448    0.978384715949
1.7456    0.957571321636
1.7464    0.928977286233
1.7472    0.976245283102
1.748    0.93582740026
1.7488    0.970812920701
1.7496    0.967194681882
1.7504    0.918495859738
1.7512    0.933819376225
1.752    0.908222052368
1.7528    0.962935729484
1.7536    0.915662664831
1.7544    0.980916090656
1.7552    0.989178002407
1.756    0.976150422497
1.7568    0.917559094252
1.7576    0.92309187591
1.7584    0.9766509507
1.7592    0.886483090753
1.76    0.921644200802
1.7608    0.935339303128
1.7616    0.947895675029
1.7624    0.978476099821
1.7632    0.883346230574
1.764    0.96791993031
1.7648    0.967635172059
1.7656    0.968710607213
1.7664    0.983497831071
1.7672    0.94320753923
1.768    0.938938327333
1.7688    0.963682199454
1.7696    0.933994048585
1.7704    0.93667165343
1.7712    0.963977599423
1.772    0.963328066427
1.7728    0.883295063402
1.7736    0.965037641267
1.7744    0.977480625325
1.7752    0.97246518227
1.776    0.957974222529
1.7768    0.941217952842
1.7776    0.935411127427
1.7784    0.961351849993
1.7792    0.969828567685
1.78    0.961733590609
1.7808    0.950316897475
1.7816    0.919152016898
1.7824    0.982040261909
1.7832    0.938131690778
1.784    0.962334793745
1.7848    0.960917498679
1.7856    0.965027341702
1.7864    0.924657991312
1.7872    0.957193981753
1.788    0.974615236283
1.7888    0.893584331682
1.7896    0.975287428407
1.7904    0.972666062995
1.7912    0.943012245185
1.792    0.968626826432
1.7928    0.971511872894
1.7936    0.882326330862
1.7944    0.984069442862
1.7952    0.956638802562
1.796    0.9805773501
1.7968    0.956250354513
1.7976    0.893504954337
1.7984    0.971511027357
1.7992    0.976573984229
1.8    0.956320725427
1.8008    0.98103812337
1.8016    0.957185940579
1.8024    0.976461151247
1.8032    0.971597661952
1.804    0.941037249625
1.8048    0.965324753627
1.8056    0.957627511693
1.8064    0.923897980553
1.8072    0.95169610574
1.808    0.917164717687
1.8088    0.955999544938
1.8096    0.94435231273
1.8104    0.931030867351
1.8112    0.927599178329
1.812    0.95741315888
1.8128    0.953337936494
1.8136    0.948787642977
1.8144    0.958539918553
1.8152    0.925051692687
1.816    0.960783181547
1.8168    0.971102802044
1.8176    0.964178157309
1.8184    0.953578801948
1.8192    0.960559823764
1.82    0.932134170676
1.8208    0.89881764366
1.8216    0.915909304624
1.8224    0.967145102078
1.8232    0.945581067246
1.824    0.952957213162
1.8248    0.978659447223
1.8256    0.95333316289
1.8264    0.963332583142
1.8272    0.983461662676
1.828    0.957044009449
1.8288    0.963540276844
1.8296    0.959560613355
1.8304    0.915522259436
1.8312    0.934341258774
1.832    0.978015863337
1.8328    0.952867636531
1.8336    0.963500606518
1.8344    0.973309573618
1.8352    0.954247086612
1.836    0.972529791756
1.8368    0.967384995623
1.8376    0.977027439758
1.8384    0.92998130324
1.8392    0.981919697693
1.84    0.876278747722
1.8408    0.985089972847
1.8416    0.982546003655
1.8424    0.928375801868
1.8432    0.968296772778
1.844    0.942745229111
1.8448    0.938027519556
1.8456    0.927953967665
1.8464    0.977828561776
1.8472    0.977494379751
1.848    0.977573146821
1.8488    0.947176078045
1.8496    0.980854983327
1.8504    0.980428337956
1.8512    0.93703085346
1.852    0.931138064075
1.8528    0.986282529845
1.8536    0.964475947108
1.8544    0.953136900017
1.8552    0.974740304323
1.856    0.928395200247
1.8568    0.939166670631
1.8576    0.949925315329
1.8584    0.96494615725
1.8592    0.902619565058
1.86    0.976861993734
1.8608    0.945991237538
1.8616    0.983483452037
1.8624    0.955806593336
1.8632    0.96162857558
1.864    0.974660246117
1.8648    0.952935827375
1.8656    0.889486633065
1.8664    0.94787631503
1.8672    0.947043491345
1.868    0.947721609202
1.8688    0.977830492563
1.8696    0.9707966849
1.8704    0.921636151811
1.8712    0.979464277851
1.872    0.925122662361
1.8728    0.979062037011
1.8736    0.955583162338
1.8744    0.962876875757
1.8752    0.923097486848
1.876    0.966463493059
1.8768    0.905815910896
1.8776    0.92890469021
1.8784    0.919563677351
1.8792    0.968763710209
1.88    0.927811532508
1.8808    0.934005114791
1.8816    0.953327352407
1.8824    0.92624425175
1.8832    0.949015025148
1.884    0.954223809216
1.8848    0.950634595339
1.8856    0.973249556053
1.8864    0.974645365093
1.8872    0.942345757527
1.888    0.935386746001
1.8888    0.934070814221
1.8896    0.907305783717
1.8904    0.954482095281
1.8912    0.932230820807
1.892    0.955853005806
1.8928    0.967956740932
1.8936    0.942860560068
1.8944    0.97019519808
1.8952    0.9609666918
1.896    0.934920347256
1.8968    0.96008915436
1.8976    0.901841763424
1.8984    0.928217685149
1.8992    0.964626834006
1.9    0.968550305106
1.9008    0.957333977217
1.9016    0.967125339196
1.9024    0.932360308467
1.9032    0.915878238417
1.904    0.978086652185
1.9048    0.958492267385
1.9056    0.894682938688
1.9064    0.929397777631
1.9072    0.969038314337
1.908    0.975371064962
1.9088    0.95142540059
1.9096    0.9671672308
1.9104    0.922655631655
1.9112    0.966029161
1.912    0.937025766952
1.9128    0.962093335992
1.9136    0.973806371482
1.9144    0.969730540454
1.9152    0.935387418841
1.916    0.954471173061
1.9168    0.960359083776
1.9176    0.95993713045
1.9184    0.979281233297
1.9192    0.958438807217
1.92    0.970934374071
1.9208    0.962643670676
1.9216    0.955464064425
1.9224    0.921492022667
1.9232    0.988676596019
1.924    0.941445813204
1.9248    0.949901326014
1.9256    0.959950773686
1.9264    0.947103442393
1.9272    0.960763147162
1.928    0.970865887426
1.9288    0.965368357286
1.9296    0.914761416837
1.9304    0.962433769956
1.9312    0.923457950036
1.932    0.977757512495
1.9328    0.974924421026
1.9336    0.977213779918
1.9344    0.965325505693
1.9352    0.960350193526
1.936    0.968918419353
1.9368    0.963522796409
1.9376    0.967612488687
1.9384    0.959237204827
1.9392    0.940388390907
1.94    0.968150050722
1.9408    0.981626931636
1.9416    0.949268743298
1.9424    0.936596638987
1.9432    0.958247741279
1.944    0.906664352967
1.9448    0.960597941539
1.9456    0.969781608375
1.9464    0.952298830375
1.9472    0.935947593886
1.948    0.954331815029
1.9488    0.98058605134
1.9496    0.951828783151
1.9504    0.982129110739
1.9512    0.94501914583
1.952    0.936862144207
1.9528    0.943783082785
1.9536    0.978827642079
1.9544    0.950033017608
1.9552    0.972766476947
1.956    0.951878103526
1.9568    0.960219208663
1.9576    0.961596644087
1.9584    0.943977112756
1.9592    0.951645760448
1.96    0.943375719498
1.9608    0.950861085285
1.9616    0.957282808294
1.9624    0.955702378536
1.9632    0.962226181639
1.964    0.936775782052
1.9648    0.951620147782
1.9656    0.959148383192
1.9664    0.954721374803
1.9672    0.966819710777
1.968    0.953404248429
1.9688    0.961888019265
1.9696    0.935740301749
1.9704    0.973267299913
1.9712    0.946816363457
1.972    0.948946897141
1.9728    0.939551872433
1.9736    0.94300868676
1.9744    0.950400087797
1.9752    0.979801201222
1.976    0.96778525602
1.9768    0.978090246894
1.9776    0.949758474806
1.9784    0.981109985731
1.9792    0.94285477005
1.98    0.892238179095
1.9808    0.974640014149
1.9816    0.955074654142
1.9824    0.958430054167
1.9832    0.961075234608
1.984    0.959891607285
1.9848    0.964271708999
1.9856    0.98247103343
1.9864    0.959158566129
1.9872    0.940792862432
1.988    0.901461732154
1.9888    0.926734351114
1.9896    0.984339369348
1.9904    0.984715485557
1.9912    0.973238513621
1.992    0.919731081403
1.9928    0.983923678312
1.9936    0.941996327094
1.9944    0.982173125425
1.9952    0.968363279903
1.996    0.8592196334
1.9968    0.974887869129
1.9976    0.908196453778
1.9984    0.942255938619
1.9992    0.971137436987
2.0    0.95371263331
2.0008    0.949231281323
2.0016    0.94879984501
2.0024    0.98534871171
2.0032    0.931272419246
2.004    0.957463083123
2.0048    0.944048509317
2.0056    0.959642766509
2.0064    0.969210403629
2.0072    0.944200795461
2.008    0.849440725207
2.0088    0.929457884711
2.0096    0.899613984397
2.0104    0.958162919432
2.0112    0.934515701912
2.012    0.979075037849
2.0128    0.927121967922
2.0136    0.973233384722
2.0144    0.965299549302
2.0152    0.974117412114
2.016    0.963809901394
2.0168    0.897161314997
2.0176    0.977732217339
2.0184    0.969024890633
2.0192    0.89652412268
2.02    0.918908958828
2.0208    0.956637066382
2.0216    0.938716533434
2.0224    0.938417302538
2.0232    0.944541291531
2.024    0.953778243403
2.0248    0.935764933647
2.0256    0.958309934956
2.0264    0.950780245886
2.0272    0.970150552465
2.028    0.948350612114
2.0288    0.932600779557
2.0296    0.963187499303
2.0304    0.945318773578
2.0312    0.973166533006
2.032    0.965610357818
2.0328    0.899670357332
2.0336    0.943309453021
2.0344    0.963446467288
2.0352    0.964465966609
2.036    0.940280758528
2.0368    0.935608801659
2.0376    0.962840455072
2.0384    0.943759782149
2.0392    0.980375977867
2.04    0.958156659222
2.0408    0.922992388916
2.0416    0.950558742374
2.0424    0.970913199784
2.0432    0.941228185286
2.044    0.956599792779
2.0448    0.950116171679
2.0456    0.94633005565
2.0464    0.974109609065
2.0472    0.942691852673
2.048    0.96746138105
2.0488    0.929066538745
2.0496    0.941342154639
2.0504    0.954621995736
2.0512    0.972587648707
2.052    0.947093842597
2.0528    0.961537001005
2.0536    0.936641000508
2.0544    0.969557029337
2.0552    0.911511807108
2.056    0.952625149742
2.0568    0.944950435542
2.0576    0.968275539426
2.0584    0.944964226409
2.0592    0.946618115058
2.06    0.943919287546
2.0608    0.980637424729
2.0616    0.962614285621
2.0624    0.937189065128
2.0632    0.939842785113
2.064    0.939023809504
2.0648    0.954924848688
2.0656    0.950041401498
2.0664    0.965729276487
2.0672    0.981074802157
2.068    0.922241950758
2.0688    0.9822475001
2.0696    0.922411535703
2.0704    0.931875320312
2.0712    0.9559373833
2.072    0.969501965013
2.0728    0.942976254401
2.0736    0.953077942368
2.0744    0.943609255815
2.0752    0.921392416946
2.076    0.914536719081
2.0768    0.971917051729
2.0776    0.90136062336
2.0784    0.964409290628
2.0792    0.947805796133
2.08    0.972190217359
2.0808    0.974597918391
2.0816    0.972949227268
2.0824    0.965315416872
2.0832    0.968743543536
2.084    0.971969784952
2.0848    0.92104085299
2.0856    0.953561381833
2.0864    0.937593546184
2.0872    0.935040334911
2.088    0.986379342092
2.0888    0.978181143627
2.0896    0.967030369438
2.0904    0.939205818871
2.0912    0.988566890263
2.092    0.937329132604
2.0928    0.934272304758
2.0936    0.987727540142
2.0944    0.960213743337
2.0952    0.935306164449
2.096    0.971947995874
2.0968    0.97987902714
2.0976    0.981528926444
2.0984    0.961755502113
2.0992    0.918401816783
2.1    0.984022162728
2.1008    0.980209982743
2.1016    0.96535401357
2.1024    0.880298895144
2.1032    0.920833475118
2.104    0.91131131845
2.1048    0.918121245695
2.1056    0.967854256492
2.1064    0.981602686207
2.1072    0.919028538345
2.108    0.963005261225
2.1088    0.963733716997
2.1096    0.967018614671
2.1104    0.986827113431
2.1112    0.956898518311
2.112    0.976386880471
2.1128    0.961232677023
2.1136    0.972459297561
2.1144    0.966734231538
2.1152    0.976598415644
2.116    0.956432840954
2.1168    0.950511609474
2.1176    0.945967924833
2.1184    0.926662017944
2.1192    0.888905624808
2.12    0.955676613357
2.1208    0.930036225755
2.1216    0.909169781297
2.1224    0.961850670004
2.1232    0.954611353197
2.124    0.925056731416
2.1248    0.96745689155
2.1256    0.976063312163
2.1264    0.965820246225
2.1272    0.984895327481
2.128    0.964345994082
2.1288    0.899456681403
2.1296    0.972659435646
2.1304    0.943288557163
2.1312    0.963001410615
2.132    0.944536072956
2.1328    0.921274013025
2.1336    0.927017173787
2.1344    0.954030076142
2.1352    0.96585502064
2.136    0.958606867573
2.1368    0.934232564333
2.1376    0.973159289242
2.1384    0.932264970241
2.1392    0.936764443663
2.14    0.941933938011
2.1408    0.977101256841
2.1416    0.967481143928
2.1424    0.931325878138
2.1432    0.968876488944
2.144    0.975452274366
2.1448    0.950043670968
2.1456    0.910393639373
2.1464    0.965674003729
2.1472    0.964263237829
2.148    0.94795942404
2.1488    0.898633878559
2.1496    0.957879022532
2.1504    0.955426026026
2.1512    0.895585104492
2.152    0.919862442287
2.1528    0.949321593611
2.1536    0.940105736714
2.1544    0.963032331072
2.1552    0.942094563383
2.156    0.945685223089
2.1568    0.945873542899
2.1576    0.918731446284
2.1584    0.954185010422
2.1592    0.964210116757
2.16    0.984087570805
2.1608    0.950728871547
2.1616    0.97231593343
2.1624    0.955051161506
2.1632    0.968536830572
2.164    0.970322702838
2.1648    0.930940297493
2.1656    0.97885692468
2.1664    0.977676326409
2.1672    0.981438717932
2.168    0.966052636405
2.1688    0.909717102972
2.1696    0.972547919275
2.1704    0.956977787683
2.1712    0.94012682999
2.172    0.89613720045
2.1728    0.955275471824
2.1736    0.966663511097
2.1744    0.929148293579
2.1752    0.960183862979
2.176    0.945740352937
2.1768    0.963515162093
2.1776    0.928682662096
2.1784    0.95516907497
2.1792    0.955190638485
2.18    0.909580310708
2.1808    0.928206857229
2.1816    0.970440029136
2.1824    0.916535831872
2.1832    0.971607930232
2.184    0.947117450078
2.1848    0.973916564598
2.1856    0.96518957461
2.1864    0.965820414359
2.1872    0.939470397833
2.188    0.972257810431
2.1888    0.94148386014
2.1896    0.947950122182
2.1904    0.942290075296
2.1912    0.942894130883
2.192    0.974093230676
2.1928    0.978164222435
2.1936    0.95805485603
2.1944    0.955862711948
2.1952    0.982196851507
2.196    0.901719907508
2.1968    0.945103759893
2.1976    0.94043538502
2.1984    0.941893350589
2.1992    0.985265239114
2.2    0.952657676572
2.2008    0.953969709979
2.2016    0.96828147896
2.2024    0.950589913603
2.2032    0.948317537635
2.204    0.946708839304
2.2048    0.94049669794
2.2056    0.982717630459
2.2064    0.966951667945
2.2072    0.950012114148
2.208    0.944689025692
2.2088    0.975599876439
2.2096    0.943669984817
2.2104    0.971555152749
2.2112    0.958459318404
2.212    0.935688711577
2.2128    0.964595770159
2.2136    0.93716889729
2.2144    0.977001498907
2.2152    0.941805435597
2.216    0.958833255779
2.2168    0.970810367025
2.2176    0.960275108674
2.2184    0.929598455605
2.2192    0.980371472248
2.22    0.943720670005
2.2208    0.967824005511
2.2216    0.977269668557
2.2224    0.950553687909
2.2232    0.954258752388
2.224    0.931123933089
2.2248    0.955051581843
2.2256    0.979114609565
2.2264    0.952267014959
2.2272    0.965798588605
2.228    0.928065040478
2.2288    0.960305357932
2.2296    0.942837524711
2.2304    0.942670884297
2.2312    0.960914496517
2.232    0.951250439106
2.2328    0.974274303579
2.2336    0.934914745097
2.2344    0.957386461098
2.2352    0.946908083599
2.236    0.972654677577
2.2368    0.966622072987
2.2376    0.964307194617
2.2384    0.954443528556
2.2392    0.954279059198
2.24    0.894990428427
2.2408    0.978661143605
2.2416    0.961626009276
2.2424    0.974149924649
2.2432    0.938784231072
2.244    0.932705806479
2.2448    0.975984819039
2.2456    0.967421633348
2.2464    0.945274342785
2.2472    0.97965944218
2.248    0.96580718674
2.2488    0.937560252899
2.2496    0.973985490929
2.2504    0.969515223615
2.2512    0.929906779992
2.252    0.959706977751
2.2528    0.981609117819
2.2536    0.968139754853
2.2544    0.948203241905
2.2552    0.945768394445
2.256    0.948157233889
2.2568    0.968521691566
2.2576    0.96210778915
2.2584    0.955288458202
2.2592    0.916741324744
2.26    0.976699837118
2.2608    0.963889997123
2.2616    0.953591951423
2.2624    0.945264954916
2.2632    0.942248444563
2.264    0.896373284855
2.2648    0.966179264717
2.2656    0.957948295145
2.2664    0.971149727162
2.2672    0.926931710707
2.268    0.988564134374
2.2688    0.977708513337
2.2696    0.971325810819
2.2704    0.96845280178
2.2712    0.982825499966
2.272    0.977450367927
2.2728    0.982491444462
2.2736    0.956888017405
2.2744    0.948465160789
2.2752    0.980943983712
2.276    0.982758309325
2.2768    0.937291535059
2.2776    0.973125275461
2.2784    0.976921708089
2.2792    0.948448819268
2.28    0.977719445337
2.2808    0.967201884893
2.2816    0.93745368906
2.2824    0.972909561431
2.2832    0.922648404649
2.284    0.967726522396
2.2848    0.95897053469
2.2856    0.940391546117
2.2864    0.979424667278
2.2872    0.948898338259
2.288    0.979522653946
2.2888    0.961180592242
2.2896    0.940762663136
2.2904    0.953288764167
2.2912    0.943487457907
2.292    0.932671321108
2.2928    0.920823576884
2.2936    0.910877378467
2.2944    0.924165959687
2.2952    0.956916594494
2.296    0.963073437612
2.2968    0.941519316773
2.2976    0.985126770213
2.2984    0.933969219665
2.2992    0.960436828114
2.3    0.978039817037
2.3008    0.950416905727
2.3016    0.935309512467
2.3024    0.961309993068
2.3032    0.953622871196
2.304    0.965674360502
2.3048    0.935624205535
2.3056    0.958715596783
2.3064    0.97148054659
2.3072    0.959271728519
2.308    0.978672666131
2.3088    0.941967286866
2.3096    0.973442087596
2.3104    0.926980838687
2.3112    0.970824598128
2.312    0.970862298998
2.3128    0.990482475872
2.3136    0.928840661078
2.3144    0.973932274385
2.3152    0.971147017589
2.316    0.971675859797
2.3168    0.930462247366
2.3176    0.934151690021
2.3184    0.966273019003
2.3192    0.960306591807
2.32    0.969123927488
2.3208    0.946958332641
2.3216    0.959305305033
2.3224    0.988741377328
2.3232    0.937775852193
2.324    0.963471888414
2.3248    0.982674856702
2.3256    0.950843552466
2.3264    0.956063631108
2.3272    0.985259488771
2.328    0.915912622603
2.3288    0.987100371004
2.3296    0.969712293674
2.3304    0.949265149067
2.3312    0.964751092532
2.332    0.955737027836
2.3328    0.961281103274
2.3336    0.959403660301
2.3344    0.931048467464
2.3352    0.926203502018
2.336    0.91046166436
2.3368    0.945829184389
2.3376    0.952431755644
2.3384    0.960432964452
2.3392    0.960066926351
2.34    0.881555132844
2.3408    0.922381277754
2.3416    0.977083540223
2.3424    0.948248655119
2.3432    0.980360193286
2.344    0.978735452795
2.3448    0.935989615453
2.3456    0.93820760926
2.3464    0.948172701631
2.3472    0.987191147753
2.348    0.974697711134
2.3488    0.9901379567
2.3496    0.981167046721
2.3504    0.976082834922
2.3512    0.896850252689
2.352    0.934115885093
2.3528    0.976536313092
2.3536    0.9034681983
2.3544    0.933130417006
2.3552    0.982450352053
2.356    0.965901181991
2.3568    0.964181038419
2.3576    0.948140676636
2.3584    0.971269518039
2.3592    0.973698315922
2.36    0.964743443212
2.3608    0.967933271605
2.3616    0.95031321413
2.3624    0.959328640535
2.3632    0.965699404721
2.364    0.954087628016
2.3648    0.962967301164
2.3656    0.953678247552
2.3664    0.958831923769
2.3672    0.951945786794
2.368    0.951529338228
2.3688    0.946736575737
2.3696    0.935637023031
2.3704    0.948340875711
2.3712    0.938138130068
2.372    0.960628915388
2.3728    0.941083096089
2.3736    0.975943849406
2.3744    0.908390071909
2.3752    0.942923979675
2.376    0.944847381012
2.3768    0.957011680983
2.3776    0.966508656363
2.3784    0.9543165476
2.3792    0.934682886653
2.38    0.938131123233
2.3808    0.952161821444
2.3816    0.919327406797
2.3824    0.951125909406
2.3832    0.924672298099
2.384    0.958433852286
2.3848    0.947295874909
2.3856    0.952810773845
2.3864    0.930302039445
2.3872    0.96797903303
2.388    0.974734096871
2.3888    0.920058720546
2.3896    0.951763345398
2.3904    0.976387083727
2.3912    0.924922354494
2.392    0.945348935239
2.3928    0.903100232761
2.3936    0.984333151651
2.3944    0.918353805213
2.3952    0.944715278972
2.396    0.953256009773
2.3968    0.928564809895
2.3976    0.933143396073
2.3984    0.917743445873
2.3992    0.956157633762
2.4    0.951602258316
