2.0    0.183125564616
3.0    0.137086434257
4.0    0.209882741225
5.0    0.244774939631
6.0    0.247373759139
7.0    0.212049756379
8.0    0.188557588768
9.0    0.187141076162
10.0    0.27765125813
11.0    0.200170798671
12.0    0.249464215066
13.0    0.255002222513
14.0    0.18805172459
15.0    0.295176869184
16.0    0.287235267921
17.0    0.292502297337
18.0    0.283133692419
19.0    0.262825725645
20.0    0.341629996261
21.0    0.302217135281
22.0    0.330367840091
23.0    0.252815692629
24.0    0.251338796939
25.0    0.329484216484
26.0    0.259707890391
27.0    0.280891166767
28.0    0.230997007458
29.0    0.282747278508
30.0    0.314986817074
31.0    0.310430468208
32.0    0.297465102865
33.0    0.237811526946
34.0    0.188047949876
35.0    0.132979200746
36.0    0.270360388448
37.0    0.20349698164
38.0    0.273816098821
39.0    0.203250612834
40.0    0.206226513233
41.0    0.172837994427
42.0    0.389219218079
43.0    0.177325410688
44.0    0.270499094924
45.0    0.267584098132
46.0    0.280745817175
47.0    0.435696060154
48.0    0.167038314294
49.0    0.396587359881
50.0    0.259099355718
51.0    0.268508272798
52.0    0.289477128874
53.0    0.365844769611
54.0    0.377829968658
55.0    0.344802088856
56.0    0.352303432891
57.0    0.542226043881
58.0    0.579874686782
59.0    0.51032838542
60.0    0.316086436855
61.0    0.60593410004
62.0    0.355108355805
63.0    0.461105608026
64.0    0.380380973651
65.0    0.53237862063
66.0    0.535411564472
67.0    0.502573074004
68.0    0.245617164168
69.0    0.749625108529
70.0    0.266238225296
71.0    0.571808633859
72.0    0.364999454416
73.0    0.168574747934
74.0    0.419274250672
75.0    0.573276855723
76.0    0.332462190723
77.0    0.527913728381
78.0    0.414920372047
79.0    0.487017430438
80.0    0.535518438097
81.0    0.223656819604
82.0    0.534212894555
83.0    0.415987636755
84.0    0.623351313244
85.0    0.47271174325
86.0    0.536497129639
87.0    0.411594910901
88.0    0.481188370835
89.0    0.574276837406
90.0    0.433367672326
91.0    0.439286178008
92.0    0.572111117449
93.0    0.538176430764
94.0    0.596981911718
95.0    0.649760041713
96.0    0.42544315686
97.0    0.565187414708
98.0    0.531417601212
99.0    0.484221857429
100.0    0.558727080331
101.0    0.5291699546
102.0    0.45309464574
103.0    0.492056630615
104.0    0.510606464264
105.0    0.297245424129
106.0    0.335045208739
107.0    0.579105162696
108.0    0.351248174628
109.0    0.627042945774
110.0    0.606549575992
111.0    0.740938764795
112.0    0.676044266921
113.0    0.49933307602
114.0    0.554746618851
115.0    0.519362921822
116.0    0.539300025424
117.0    0.50690407327
118.0    0.506531146192
119.0    0.656986515454
120.0    0.490866127292
121.0    0.381550668759
122.0    0.345183243453
123.0    0.395304800885
124.0    0.513799952968
125.0    0.49223078217
126.0    0.440352120451
127.0    0.528922118706
128.0    0.379057733283
129.0    0.546806835757
130.0    0.390996098952
131.0    0.454961544225
132.0    0.438115980175
133.0    0.339898955788
134.0    0.512302221834
135.0    0.374484645983
136.0    0.564649253743
137.0    0.321546706802
138.0    0.659043295544
139.0    0.448191113129
140.0    0.501033954367
141.0    0.487882801015
142.0    0.581282361161
143.0    0.590519781351
144.0    0.553389999996
145.0    0.313714990825
146.0    0.370224458525
147.0    0.40304729091
148.0    0.529971218061
149.0    0.457224980332
150.0    0.531352337294
151.0    0.431697349433
152.0    0.48392805699
153.0    0.523882285717
154.0    0.395104001097
155.0    0.444519818401
156.0    0.616101310085
157.0    0.653312631443
158.0    0.444605335996
159.0    0.500347544613
160.0    0.522734737801
161.0    0.626598995044
162.0    0.611410987482
163.0    0.463306243923
164.0    0.333966040207
165.0    0.592244909212
166.0    0.457025001061
167.0    0.337067660782
168.0    0.40947540075
169.0    0.356740771712
170.0    0.533110335675
171.0    0.372148465446
172.0    0.3161295601
173.0    0.319376103554
174.0    0.221378352987
175.0    0.142994051897
176.0    0.510380158369
177.0    0.199101885319
178.0    0.355980377782
179.0    0.350710908178
180.0    0.202421202458
181.0    0.365686844781
182.0    0.273724551782
183.0    0.188955832695
184.0    0.480246023219
185.0    0.337074689907
186.0    0.435151629328
187.0    0.264669817724
188.0    0.50268948737
189.0    0.581870782434
190.0    0.474504591691
191.0    0.46136116003
192.0    0.331726669063
193.0    0.4560271198
194.0    0.678938865765
195.0    0.356800710592
196.0    0.640141076149
197.0    0.670298265997
198.0    0.616140746818
199.0    0.284705956497
200.0    0.614266069429
201.0    0.430968794743
202.0    0.321173203179
203.0    0.376664239444
204.0    0.392563408314
205.0    0.422728416227
206.0    0.308217925507
207.0    0.328600731076
208.0    0.447749153021
209.0    0.537020507959
210.0    0.446093739739
211.0    0.448619672903
212.0    0.353270504937
213.0    0.252887441089
214.0    0.446633536797
215.0    0.365027569813
216.0    0.741865382416
217.0    0.561987859349
218.0    0.46346031602
219.0    0.628437813281
220.0    0.566499611543
221.0    0.692814197398
222.0    0.765598232508
223.0    0.489239076927
224.0    0.711429817722
225.0    0.475077056706
226.0    0.728724195212
227.0    0.644997923097
228.0    0.669616120753
229.0    0.459084272727
230.0    0.617156342511
231.0    0.746229073478
232.0    0.694808982716
233.0    0.745663648242
234.0    0.719973286283
235.0    0.679578565185
236.0    0.72398775772
237.0    0.671942046536
238.0    0.688743370103
239.0    0.729598440463
240.0    0.777935800748
241.0    0.681164342452
242.0    0.727927366533
243.0    0.756925765793
244.0    0.393194564146
245.0    0.285986990078
246.0    0.363864469469
247.0    0.484892466748
248.0    0.282580908726
249.0    0.314547278236
250.0    0.45714061561
251.0    0.562214701462
252.0    0.533916728988
253.0    0.364198760873
254.0    0.506767226379
255.0    0.275164755565
256.0    0.787346833128
257.0    0.803328998883
258.0    0.765423996442
259.0    0.593941774019
260.0    0.673955958489
261.0    0.79907436719
262.0    0.569674556788
263.0    0.746113342775
264.0    0.810236545442
265.0    0.763089126471
266.0    0.728669747815
267.0    0.759508981233
268.0    0.780630860844
269.0    0.832729322376
270.0    0.799143646643
271.0    0.591421136338
272.0    0.636386831494
273.0    0.710362126778
274.0    0.836288853483
275.0    0.73272478073
276.0    0.71488984077
277.0    0.751338105385
278.0    0.798896709698
279.0    0.679774313771
280.0    0.65199636362
281.0    0.481129925758
282.0    0.713092547505
283.0    0.681892807336
284.0    0.53370057367
285.0    0.730230850635
286.0    0.787555506617
287.0    0.449392349544
288.0    0.467648443052
289.0    0.234527860287
290.0    0.467531603964
291.0    0.52491647053
292.0    0.155815482612
293.0    0.820646714064
294.0    0.71306229726
295.0    0.691001619462
296.0    0.773746705805
297.0    0.787503998048
298.0    0.744774863982
299.0    0.73452962847
300.0    0.864738986069
301.0    0.316756120688
302.0    0.501684056795
303.0    0.392615143292
304.0    0.657873489824
305.0    0.780458109952
306.0    0.41766890945
307.0    0.892406152518
308.0    0.634838816902
309.0    0.602059195932
310.0    0.63295278258
311.0    0.666112329513
312.0    0.517827593286
313.0    0.693738565084
314.0    0.371251123489
315.0    0.678516061083
316.0    0.590384309964
317.0    0.484828148256
318.0    0.443321760359
319.0    0.80666160326
320.0    0.217436390965
321.0    0.482594478349
322.0    0.835084349242
323.0    0.401656453298
324.0    0.523055698454
325.0    0.485389701612
326.0    0.348257010402
327.0    0.4721781029
328.0    0.651259380031
329.0    0.606273936723
330.0    0.747464843153
331.0    0.70540097406
332.0    0.766188642393
333.0    0.841676405993
334.0    0.785258948615
335.0    0.816175724559
336.0    0.820137554887
337.0    0.66250407334
338.0    0.846496643956
339.0    0.696223399377
340.0    0.706090908305
341.0    0.692346068348
342.0    0.801074876084
343.0    0.728961308217
344.0    0.660452468191
345.0    0.724750068246
346.0    0.653776011778
347.0    0.671488342564
348.0    0.625549667127
349.0    0.583991717937
350.0    0.810723664856
351.0    0.801902548698
352.0    0.784330312189
353.0    0.732641998262
354.0    0.708362403557
355.0    0.688154692977
356.0    0.518504070687
357.0    0.806813586437
358.0    0.853131090401
359.0    0.752460420246
360.0    0.581208921895
361.0    0.566976916642
362.0    0.786571440062
363.0    0.642446372947
364.0    0.851394838185
365.0    0.718104014401
366.0    0.697952701706
367.0    0.668605511437
368.0    0.724755722326
369.0    0.792504081677
370.0    0.749389897015
371.0    0.857640484107
372.0    0.634816055768
373.0    0.848573282974
374.0    0.678389050817
375.0    0.895524779322
376.0    0.758113244279
377.0    0.763330581014
378.0    0.891582511689
379.0    0.79991251712
380.0    0.667002169383
381.0    0.710188146167
382.0    0.754818925047
383.0    0.716628662749
384.0    0.85152507804
385.0    0.70531148735
386.0    0.873038157997
387.0    0.901080261609
388.0    0.855751116657
389.0    0.854042302336
390.0    0.842002593608
391.0    0.893626796935
392.0    0.813049610561
393.0    0.848047871149
394.0    0.91989206023
395.0    0.828036591774
396.0    0.812897502096
397.0    0.874926251187
398.0    0.821414201619
399.0    0.807952655514
400.0    0.878569149987
401.0    0.843453591001
402.0    0.510220938341
403.0    0.749298947212
404.0    0.885084139718
405.0    0.720670735148
406.0    0.498678439911
407.0    0.663407672823
408.0    0.612322100858
409.0    0.741133110779
410.0    0.792234084351
411.0    0.751084781919
412.0    0.538012533067
413.0    0.720782457884
414.0    0.733642146601
415.0    0.692621595131
416.0    0.663070028838
417.0    0.826127045836
418.0    0.823201563183
419.0    0.838574607629
420.0    0.906659342072
421.0    0.702890157146
422.0    0.764179336971
423.0    0.787293423089
424.0    0.800937348687
425.0    0.827064504533
426.0    0.714080909462
427.0    0.796568459077
428.0    0.698432065318
429.0    0.785406603165
430.0    0.818515425593
431.0    0.788395911968
432.0    0.762569063355
433.0    0.807712348557
434.0    0.820614856619
435.0    0.785572523996
436.0    0.757832972102
437.0    0.796886502166
438.0    0.814319567999
439.0    0.882132288099
440.0    0.817079021296
441.0    0.758445153806
442.0    0.826734494465
443.0    0.818187206579
444.0    0.772428354752
445.0    0.76980099764
446.0    0.861607426657
447.0    0.725753861761
448.0    0.809144211663
449.0    0.809705247895
450.0    0.780601948118
451.0    0.824649606583
452.0    0.732919040421
453.0    0.71655240461
454.0    0.799840675162
455.0    0.886880141573
456.0    0.718668818233
457.0    0.864763068334
458.0    0.856708788042
459.0    0.852119940151
460.0    0.758324636973
461.0    0.891892657788
462.0    0.869982672155
463.0    0.615092368541
464.0    0.738312639053
465.0    0.793510551577
466.0    0.758755953304
467.0    0.555856236692
468.0    0.694442477156
469.0    0.423211588312
470.0    0.601657597513
471.0    0.560349668863
472.0    0.419755838064
473.0    0.676624786997
474.0    0.611567060312
475.0    0.740999955225
476.0    0.644649650688
477.0    0.736468402841
478.0    0.806683661678
479.0    0.759485641056
480.0    0.835397252259
481.0    0.787302414825
482.0    0.904906258567
483.0    0.785877988407
484.0    0.653580011082
485.0    0.798777738398
486.0    0.730444350916
487.0    0.64893014399
488.0    0.722937083975
489.0    0.78651915921
490.0    0.660648036503
491.0    0.667796270109
492.0    0.664849714184
493.0    0.704547388508
494.0    0.814576190415
495.0    0.719182765397
496.0    0.8087111463
497.0    0.617888183823
498.0    0.749937170208
499.0    0.730610666244
500.0    0.700264363057
501.0    0.593087678632
502.0    0.69818581133
503.0    0.701883423913
504.0    0.838618807354
505.0    0.67740733839
506.0    0.604421046186
507.0    0.674922540416
508.0    0.671781696889
509.0    0.676597590438
510.0    0.608294045868
511.0    0.863300555012
512.0    0.655746221165
513.0    0.776919570181
514.0    0.810302709947
515.0    0.87769767313
516.0    0.706021685967
517.0    0.63028406299
518.0    0.8312667058
519.0    0.703519104415
520.0    0.641631588504
521.0    0.704476956929
522.0    0.795613388795
523.0    0.831581806011
524.0    0.734032240741
525.0    0.801587995845
526.0    0.683414391697
527.0    0.730493562812
528.0    0.796250348866
529.0    0.753414460658
530.0    0.693361047728
531.0    0.760056465544
532.0    0.758597546508
533.0    0.808673981272
534.0    0.695224249033
535.0    0.619366407765
536.0    0.745096553817
537.0    0.71706898829
538.0    0.755797680512
539.0    0.67592265981
540.0    0.697491318814
541.0    0.796599320812
542.0    0.799568427622
543.0    0.897999765618
544.0    0.649841279957
545.0    0.688298047501
546.0    0.777085551728
547.0    0.848511685165
548.0    0.868321224773
549.0    0.79421275701
550.0    0.787583493831
551.0    0.856372896162
552.0    0.902348286557
553.0    0.825593844727
554.0    0.791452894196
555.0    0.781814300397
556.0    0.833992737545
557.0    0.750857640883
558.0    0.762631114944
559.0    0.696746625401
560.0    0.815310465337
561.0    0.768968736404
562.0    0.867642126293
563.0    0.740250449944
564.0    0.727107123264
565.0    0.809990880093
566.0    0.638744790359
567.0    0.771755868719
568.0    0.749669541058
569.0    0.662450054517
570.0    0.753620734629
571.0    0.65537261621
572.0    0.782548898632
573.0    0.710439104117
574.0    0.806803250644
575.0    0.516560725043
576.0    0.719411887025
577.0    0.76612858358
578.0    0.756375282115
579.0    0.887099615233
580.0    0.773026955047
581.0    0.818354463543
582.0    0.552822665369
583.0    0.714769239487
584.0    0.680047005783
585.0    0.785842002512
586.0    0.612690951119
587.0    0.749934948148
588.0    0.721875631196
589.0    0.805455127565
590.0    0.773433137883
591.0    0.85125969861
592.0    0.678758794104
593.0    0.791859920884
594.0    0.774268472134
595.0    0.908949748338
596.0    0.890484016953
597.0    0.842276613533
598.0    0.815208822767
599.0    0.810311546283
600.0    0.854397340388
601.0    0.762218783584
602.0    0.770702831581
603.0    0.840627267585
604.0    0.783788685083
605.0    0.794388241132
606.0    0.734333547943
607.0    0.89683553125
608.0    0.665182351893
609.0    0.887428954424
610.0    0.815475917416
611.0    0.76836927713
612.0    0.765419599203
613.0    0.810025385479
614.0    0.894655160856
615.0    0.754040774694
616.0    0.895606652087
617.0    0.862789574901
618.0    0.812080788309
619.0    0.831177801759
620.0    0.688139183704
621.0    0.788121714566
622.0    0.918675831055
623.0    0.767150409491
624.0    0.848891971788
625.0    0.793814610306
626.0    0.803241706914
627.0    0.843176354903
628.0    0.848827481997
629.0    0.799579921653
630.0    0.77053455294
631.0    0.895208555503
632.0    0.916943770853
633.0    0.597236573664
634.0    0.67937897712
635.0    0.790439372448
636.0    0.900969379636
637.0    0.775914141255
638.0    0.800348151174
639.0    0.86622821288
640.0    0.770942881748
641.0    0.793318366198
642.0    0.789448614708
643.0    0.810819383009
644.0    0.873515630162
645.0    0.755537639493
646.0    0.768342239381
647.0    0.888536105607
648.0    0.758779610519
649.0    0.810006842635
650.0    0.764072768467
651.0    0.893026874365
652.0    0.789828313604
653.0    0.839396571561
654.0    0.702328921017
655.0    0.767187749192
656.0    0.816430038906
657.0    0.828390835189
658.0    0.817828301915
659.0    0.842747355526
660.0    0.860390701682
661.0    0.744344272833
662.0    0.740964154629
663.0    0.788305884559
664.0    0.827283731282
665.0    0.829913549486
666.0    0.737332939271
667.0    0.901103818022
668.0    0.695061241218
669.0    0.779195457281
670.0    0.824099269971
671.0    0.79421072152
672.0    0.752244857582
673.0    0.823494451159
674.0    0.732372650338
675.0    0.672786691812
676.0    0.773831638228
677.0    0.754897909796
678.0    0.924677341872
679.0    0.764016876879
680.0    0.693179595273
681.0    0.826680329849
682.0    0.888283709525
683.0    0.806041079883
684.0    0.725407820659
685.0    0.648904969785
686.0    0.708171757666
687.0    0.777913091828
688.0    0.726402856007
689.0    0.750702604253
690.0    0.763144789442
691.0    0.799728098673
692.0    0.668534816485
693.0    0.778331736961
694.0    0.701833782291
695.0    0.713089684698
696.0    0.871313424473
697.0    0.698543817788
698.0    0.656827441735
699.0    0.677845520034
700.0    0.771329349787
701.0    0.825445639026
702.0    0.740394317737
703.0    0.810165991431
704.0    0.781600316571
705.0    0.868648384792
706.0    0.846132876124
707.0    0.693824100384
708.0    0.813275874054
709.0    0.797636994164
710.0    0.788790859175
711.0    0.852239786962
712.0    0.870632453336
713.0    0.901874771286
714.0    0.664838066613
715.0    0.693583879849
716.0    0.768453235647
717.0    0.877000484108
718.0    0.87565360979
719.0    0.78619903004
720.0    0.76299130343
721.0    0.748272880666
722.0    0.864128956728
723.0    0.844476731894
724.0    0.840748599072
725.0    0.753210457707
726.0    0.946653798392
727.0    0.868641561284
728.0    0.893205088244
729.0    0.870042884897
730.0    0.930948831702
731.0    0.76167870214
732.0    0.782941961483
733.0    0.746321712163
734.0    0.665431127884
735.0    0.743285839952
736.0    0.754917785736
737.0    0.7025695009
738.0    0.978376119034
739.0    0.834960846986
740.0    0.802245978686
741.0    0.842251800945
742.0    0.781476527689
743.0    0.753006470902
744.0    0.831069439122
745.0    0.704199324112
746.0    0.774007144733
747.0    0.860057728917
748.0    0.790672256076
749.0    0.780793719573
750.0    0.813585064721
751.0    0.844617565065
752.0    0.848994304129
753.0    0.904127000862
754.0    0.935402791841
755.0    0.837714672854
756.0    0.785236301443
757.0    0.832245761909
758.0    0.860545317701
759.0    0.883444724719
760.0    0.802955925516
761.0    0.859331722444
762.0    0.833233745854
763.0    0.77962599713
764.0    0.846142536041
765.0    0.90453490889
766.0    0.826238041585
767.0    0.833949745036
768.0    0.792497097077
769.0    0.816885339704
770.0    0.801507095139
771.0    0.836865760974
772.0    0.824048743556
773.0    0.801950793903
774.0    0.838044868489
775.0    0.835103810942
776.0    0.912063995712
777.0    0.832094362794
778.0    0.886408447233
779.0    0.868471532318
780.0    0.779392810869
781.0    0.925178456597
782.0    0.889689898279
783.0    0.918481897049
784.0    0.862519595301
785.0    0.803904564571
786.0    0.860999759068
787.0    0.936613690264
788.0    0.842476223142
789.0    0.840274492209
790.0    0.803834868168
791.0    0.738865541936
792.0    0.773877465461
793.0    0.910699310876
794.0    0.749254502975
795.0    0.803579477819
796.0    0.84389744591
797.0    0.860568697768
798.0    0.830530386398
799.0    0.882504972182
800.0    0.814842298292
801.0    0.852031669289
802.0    0.868449201793
803.0    0.86578688949
804.0    0.884559233336
805.0    0.860206712127
806.0    0.802863296267
807.0    0.911076806022
808.0    0.818934018323
809.0    0.795147203791
810.0    0.828792500366
811.0    0.906974675814
812.0    0.858384238491
813.0    0.818103719526
814.0    0.885108706764
815.0    0.838280781878
816.0    0.831615915577
817.0    0.846331144819
818.0    0.821211447989
819.0    0.855927680271
820.0    0.88315298424
821.0    0.845054237314
822.0    0.863752770704
823.0    0.829795485167
824.0    0.874123199769
825.0    0.876851922833
826.0    0.861939963737
827.0    0.834366302468
828.0    0.854272720458
829.0    0.814320649994
830.0    0.792449820026
831.0    0.79420610716
832.0    0.895956060767
833.0    0.90773187846
834.0    0.848401182771
835.0    0.845759393031
836.0    0.881015295659
837.0    0.73722528839
838.0    0.786496174144
839.0    0.818472501063
840.0    0.827494052025
841.0    0.827737525164
842.0    0.816943331767
843.0    0.831175122117
844.0    0.868916193892
845.0    0.851369237036
846.0    0.792976741839
847.0    0.838120878335
848.0    0.835491538977
849.0    0.821607218381
850.0    0.750307440805
851.0    0.888032590588
852.0    0.837785629566
853.0    0.813897905646
854.0    0.900713443127
855.0    0.766037760164
856.0    0.848552778355
857.0    0.834449764062
858.0    0.738406280539
859.0    0.889888196323
860.0    0.941720156952
861.0    0.770580369124
862.0    0.845641091969
863.0    0.781818059036
864.0    0.832057843844
865.0    0.717198915713
866.0    0.783034481298
867.0    0.796727018822
868.0    0.8332151903
869.0    0.795485594766
870.0    0.766245320243
871.0    0.702308293492
872.0    0.813765630019
873.0    0.850396922357
874.0    0.667779009114
875.0    0.82425212326
876.0    0.7233366834
877.0    0.789804214701
878.0    0.820071775562
879.0    0.869495433889
880.0    0.859619640543
881.0    0.780248400763
882.0    0.830988656704
883.0    0.668574421517
884.0    0.771878818031
885.0    0.81505228032
886.0    0.82533043048
887.0    0.860815690406
888.0    0.718751791051
889.0    0.794011842468
890.0    0.848456280774
891.0    0.810023624058
892.0    0.76749467538
893.0    0.774335801719
894.0    0.854510084494
895.0    0.716272594921
896.0    0.727997848593
897.0    0.836673004426
898.0    0.833405738131
899.0    0.704374517001
900.0    0.706149939346
901.0    0.768764135356
902.0    0.745336173277
903.0    0.782108323917
904.0    0.75069577925
905.0    0.833830819918
906.0    0.878223993227
907.0    0.849961270616
908.0    0.836133746247
909.0    0.737080487332
910.0    0.818744459912
911.0    0.797127394048
912.0    0.861237223201
913.0    0.868806328991
914.0    0.701045662577
915.0    0.888469445538
916.0    0.714988046708
917.0    0.666303150915
918.0    0.835767762967
919.0    0.844489855564
920.0    0.78820357876
921.0    0.878380016169
922.0    0.866343480718
923.0    0.812987369433
924.0    0.850242953696
925.0    0.759382305603
926.0    0.796540308294
927.0    0.820435470892
928.0    0.839046814887
929.0    0.725070900884
930.0    0.692701558992
931.0    0.823166470334
932.0    0.8795622525
933.0    0.813278590564
934.0    0.75951274928
935.0    0.846248200928
936.0    0.784761648511
937.0    0.859473049074
938.0    0.74669667668
939.0    0.896847619786
940.0    0.7860635944
941.0    0.784616556857
942.0    0.83719416399
943.0    0.798272308575
944.0    0.749837484492
945.0    0.850562696479
946.0    0.814520788977
947.0    0.775132486412
948.0    0.8302125574
949.0    0.741461052235
950.0    0.774566645983
951.0    0.710507027346
952.0    0.75000096495
953.0    0.721766907813
954.0    0.761585122925
955.0    0.880953004985
956.0    0.787903106589
957.0    0.745422896125
958.0    0.794649455991
959.0    0.775689162396
960.0    0.766329875506
961.0    0.74324656956
962.0    0.829210254527
963.0    0.854698176362
964.0    0.763384456504
965.0    0.873908659197
966.0    0.836936985401
967.0    0.835402165027
968.0    0.796155855941
969.0    0.864250352479
970.0    0.888927092041
971.0    0.709699756051
972.0    0.830763874448
973.0    0.811557028528
974.0    0.702848946277
975.0    0.881323591549
976.0    0.817177439808
977.0    0.801684748152
978.0    0.90593683233
979.0    0.836286727079
980.0    0.879293095905
981.0    0.838367161355
982.0    0.931328390488
983.0    0.874444394976
984.0    0.832926258005
985.0    0.919648814656
986.0    0.826383661893
987.0    0.862404232272
988.0    0.883509218266
989.0    0.860740159419
990.0    0.731867658034
991.0    0.904261063129
992.0    0.802653002432
993.0    0.886669794032
994.0    0.909028492038
995.0    0.854584953491
996.0    0.850671944641
997.0    0.772862211614
998.0    0.759782192613
999.0    0.754416915301
1000.0    0.720318001068
1001.0    0.892679813914
1002.0    0.758860180242
1003.0    0.686100855723
1004.0    0.858659826785
1005.0    0.870604625244
1006.0    0.894045583878
1007.0    0.886869044169
1008.0    0.731444721226
1009.0    0.835658282465
1010.0    0.861590526583
1011.0    0.816611722619
1012.0    0.842696632128
1013.0    0.825041220025
1014.0    0.850289408561
1015.0    0.87169030963
1016.0    0.791354382182
1017.0    0.740887257279
1018.0    0.769365894814
1019.0    0.816276448238
1020.0    0.863487441902
1021.0    0.806739199679
1022.0    0.774013941315
1023.0    0.807010213789
1024.0    0.718230283816
1025.0    0.653140524512
1026.0    0.734776203205
1027.0    0.791563853663
1028.0    0.706144609601
1029.0    0.70571851924
1030.0    0.679709319106
1031.0    0.813545863998
1032.0    0.820266540872
1033.0    0.640399163035
1034.0    0.781705368037
1035.0    0.739345367496
1036.0    0.759197279784
1037.0    0.781324206851
1038.0    0.792758747996
1039.0    0.833718087452
1040.0    0.71963132058
1041.0    0.761564819363
1042.0    0.856883648161
1043.0    0.752771286836
1044.0    0.900197371797
1045.0    0.781824799534
1046.0    0.78909279379
1047.0    0.876519854712
1048.0    0.772103346449
1049.0    0.85002359992
1050.0    0.840650996417
1051.0    0.858159818066
1052.0    0.900855487381
1053.0    0.816796296685
1054.0    0.872755120595
1055.0    0.894257288665
1056.0    0.874425003877
1057.0    0.887189076824
1058.0    0.878318456593
1059.0    0.85015578786
1060.0    0.77245330584
1061.0    0.860526364258
1062.0    0.845396371264
1063.0    0.784483557215
1064.0    0.900913363105
1065.0    0.918565739139
1066.0    0.877049362831
1067.0    0.81616910084
1068.0    0.868548351939
1069.0    0.804525679424
1070.0    0.950427712563
1071.0    0.822790656588
1072.0    0.885648332516
1073.0    0.773986286853
1074.0    0.688206782705
1075.0    0.802794258265
1076.0    0.818749192665
1077.0    0.858215091957
1078.0    0.902735682059
1079.0    0.903763507138
1080.0    0.872062061137
1081.0    0.865859164966
1082.0    0.79072557048
1083.0    0.839822837644
1084.0    0.796666493487
1085.0    0.781859813839
1086.0    0.734028215208
1087.0    0.708397341334
1088.0    0.83546520366
1089.0    0.911449716553
1090.0    0.829204503605
1091.0    0.851578449728
1092.0    0.860688781894
1093.0    0.753504291166
1094.0    0.786598642616
1095.0    0.804849007993
1096.0    0.740388393633
1097.0    0.806627844103
1098.0    0.823731070952
1099.0    0.810903045585
1100.0    0.736662887654
1101.0    0.79928387993
1102.0    0.799812957403
1103.0    0.826835574318
1104.0    0.797695001927
1105.0    0.811274809225
1106.0    0.851877831135
1107.0    0.853642652565
1108.0    0.876878727383
1109.0    0.927843291438
1110.0    0.831322662114
1111.0    0.808134928652
1112.0    0.779547419627
1113.0    0.854269294349
1114.0    0.876367137294
1115.0    0.845292504653
1116.0    0.737115718536
1117.0    0.909132006596
1118.0    0.860513037961
1119.0    0.879531839447
1120.0    0.829093556528
1121.0    0.892734782378
1122.0    0.76639625511
1123.0    0.799890094845
1124.0    0.867241988678
1125.0    0.874175395498
1126.0    0.801962873656
1127.0    0.642911084614
1128.0    0.633204418658
1129.0    0.801303708332
1130.0    0.775751798995
1131.0    0.72050021466
1132.0    0.649018576456
1133.0    0.74597135661
1134.0    0.886238840952
1135.0    0.675431769276
1136.0    0.799674317171
1137.0    0.781798260014
1138.0    0.789506810844
1139.0    0.870952915227
1140.0    0.744493274958
1141.0    0.783919324569
1142.0    0.791314264466
1143.0    0.849056748502
1144.0    0.857015765914
1145.0    0.864378953764
1146.0    0.806709425789
1147.0    0.720363748675
1148.0    0.846280128447
1149.0    0.852955371858
1150.0    0.758611869081
1151.0    0.880952379946
1152.0    0.904189212822
1153.0    0.873975629803
1154.0    0.862524083878
1155.0    0.814937276563
1156.0    0.777946966307
1157.0    0.842642207222
1158.0    0.788759293081
1159.0    0.778865625692
1160.0    0.903941179527
1161.0    0.864499276236
1162.0    0.873535059544
1163.0    0.846095450581
1164.0    0.895533217084
1165.0    0.868406770685
1166.0    0.839270907455
1167.0    0.807687958319
1168.0    0.824551164317
1169.0    0.836701661434
1170.0    0.812235199913
1171.0    0.784129160634
1172.0    0.835551767222
1173.0    0.81873060572
1174.0    0.847788826884
1175.0    0.804674305461
1176.0    0.876218694488
1177.0    0.859429503705
1178.0    0.869381092325
1179.0    0.749805207842
1180.0    0.863620034689
1181.0    0.824639758606
1182.0    0.860394100246
1183.0    0.843113095144
1184.0    0.776325137844
1185.0    0.771232090906
1186.0    0.751168993484
1187.0    0.867085396708
1188.0    0.727735771825
1189.0    0.893267970749
1190.0    0.860221421379
1191.0    0.743224237935
1192.0    0.841558645075
1193.0    0.689235878111
1194.0    0.59606573884
1195.0    0.871943741025
1196.0    0.760103774333
1197.0    0.866935212562
1198.0    0.869606587999
1199.0    0.662970396738
1200.0    0.766002089292
1201.0    0.842310415752
1202.0    0.790378328414
1203.0    0.749898380496
1204.0    0.712095384158
1205.0    0.800316221569
1206.0    0.873826586915
1207.0    0.830683013971
1208.0    0.877855450149
1209.0    0.75897922624
1210.0    0.861001819435
1211.0    0.793289366197
1212.0    0.731733744422
1213.0    0.768255117863
1214.0    0.835769704083
1215.0    0.784478533794
1216.0    0.806076417269
1217.0    0.816092220579
1218.0    0.862433728933
1219.0    0.866666177978
1220.0    0.878815497754
1221.0    0.868065915383
1222.0    0.854481089205
1223.0    0.771643984797
1224.0    0.876060913602
1225.0    0.788428625451
1226.0    0.777499754229
1227.0    0.857355554582
1228.0    0.830496813561
1229.0    0.711212357653
1230.0    0.804369692074
1231.0    0.80985492228
1232.0    0.803941559258
1233.0    0.906607168214
1234.0    0.828103758333
1235.0    0.828540344561
1236.0    0.870317882857
1237.0    0.87375224483
1238.0    0.843528826686
1239.0    0.907494802109
1240.0    0.899275109627
1241.0    0.826676611969
1242.0    0.841157895181
1243.0    0.879204281369
1244.0    0.839580761937
1245.0    0.854716439531
1246.0    0.877300075882
1247.0    0.831011930695
1248.0    0.825353903446
1249.0    0.842540878072
1250.0    0.897491202014
1251.0    0.879673574647
1252.0    0.727681941183
1253.0    0.773393254348
1254.0    0.863044648962
1255.0    0.887670739533
1256.0    0.746988751608
1257.0    0.875771642566
1258.0    0.809090807023
1259.0    0.930488735305
1260.0    0.82608634106
1261.0    0.694977818026
1262.0    0.686434713139
1263.0    0.587468627039
1264.0    0.817982107129
1265.0    0.750942872857
1266.0    0.76663466466
1267.0    0.810018195492
1268.0    0.790222504676
1269.0    0.878637643663
1270.0    0.927688391412
1271.0    0.806154888267
1272.0    0.844893010231
1273.0    0.81972998721
1274.0    0.886100486418
1275.0    0.814093002223
1276.0    0.771451343374
1277.0    0.836707663943
1278.0    0.901482812429
1279.0    0.83063853159
1280.0    0.826117876274
1281.0    0.852882253262
1282.0    0.812688675313
1283.0    0.85390909878
1284.0    0.816120441244
1285.0    0.861739743521
1286.0    0.889252097869
1287.0    0.860585754638
1288.0    0.898747917874
1289.0    0.877445393034
1290.0    0.85868342795
1291.0    0.823341875378
1292.0    0.844575424797
1293.0    0.876603067382
1294.0    0.821861334372
1295.0    0.887096527403
1296.0    0.844716400995
1297.0    0.841060313916
1298.0    0.859660773857
1299.0    0.85088022622
1300.0    0.849774416852
1301.0    0.838567424322
1302.0    0.84114053898
1303.0    0.865386171074
1304.0    0.830677564715
1305.0    0.874703882356
1306.0    0.874450015545
1307.0    0.834879721583
1308.0    0.88553702404
1309.0    0.866085398169
1310.0    0.908903078638
1311.0    0.753949058842
1312.0    0.844576311906
1313.0    0.818588893243
1314.0    0.853926725855
1315.0    0.85826368874
1316.0    0.8348918794
1317.0    0.832556310854
1318.0    0.819373063734
1319.0    0.824618258569
1320.0    0.854831163256
1321.0    0.780794483425
1322.0    0.839715152557
1323.0    0.810025429288
1324.0    0.836695464124
1325.0    0.78992145747
1326.0    0.790302422163
1327.0    0.860501299739
1328.0    0.839071762055
1329.0    0.843432631008
1330.0    0.862246867014
1331.0    0.874812723789
1332.0    0.887017150895
1333.0    0.740849333586
1334.0    0.916272823909
1335.0    0.847451818619
1336.0    0.830380221772
1337.0    0.871915042621
1338.0    0.810620143377
1339.0    0.787352077022
1340.0    0.807240883678
1341.0    0.798583779008
1342.0    0.786003405553
1343.0    0.868043717431
1344.0    0.792684017666
1345.0    0.872493970515
1346.0    0.850374672267
1347.0    0.842776642669
1348.0    0.861626962669
1349.0    0.847699477349
1350.0    0.873550469327
1351.0    0.885030403158
1352.0    0.919507386349
1353.0    0.871995296237
1354.0    0.853774682842
1355.0    0.855256848671
1356.0    0.874241668284
1357.0    0.85299837125
1358.0    0.904821942472
1359.0    0.863830435266
1360.0    0.837148545528
1361.0    0.80122395841
1362.0    0.847815943957
1363.0    0.829184741516
1364.0    0.863868762964
1365.0    0.882275343467
1366.0    0.819193375161
1367.0    0.875406585728
1368.0    0.868898002187
1369.0    0.88066761693
1370.0    0.872799453243
1371.0    0.858220309408
1372.0    0.868571861518
1373.0    0.915144322481
1374.0    0.892201981903
1375.0    0.872178373474
1376.0    0.834832014493
1377.0    0.863957548667
1378.0    0.844752299604
1379.0    0.838649391857
1380.0    0.864941851634
1381.0    0.907818081326
1382.0    0.715771152586
1383.0    0.818948618897
1384.0    0.841797257972
1385.0    0.800077865224
1386.0    0.837776507906
1387.0    0.885477689775
1388.0    0.706986033107
1389.0    0.763304585659
1390.0    0.861127310421
1391.0    0.836593508083
1392.0    0.884603602606
1393.0    0.773838600596
1394.0    0.861743115516
1395.0    0.809563043403
1396.0    0.748211813026
1397.0    0.820027130932
1398.0    0.747955151633
1399.0    0.79579333975
1400.0    0.845731901323
1401.0    0.768540789074
1402.0    0.84292111206
1403.0    0.821073582602
1404.0    0.782572868019
1405.0    0.821455167717
1406.0    0.908112923031
1407.0    0.811737341015
1408.0    0.836465580857
1409.0    0.858025326976
1410.0    0.869055654891
1411.0    0.772780845675
1412.0    0.816713848644
1413.0    0.740547436462
1414.0    0.81121622772
1415.0    0.736851876831
1416.0    0.805082656229
1417.0    0.752221720854
1418.0    0.68222202727
1419.0    0.803911157575
1420.0    0.734496540831
1421.0    0.886547476778
1422.0    0.788589451161
1423.0    0.78463016527
1424.0    0.759171306389
1425.0    0.832528331514
1426.0    0.836360840296
1427.0    0.799618633687
1428.0    0.796347973246
1429.0    0.869503350715
1430.0    0.775560870492
1431.0    0.730310025438
1432.0    0.860280554709
1433.0    0.87534339177
1434.0    0.835069908414
1435.0    0.906532595816
1436.0    0.758499385567
1437.0    0.807285030732
1438.0    0.917452616881
1439.0    0.832834715375
1440.0    0.804925848002
1441.0    0.861297092414
1442.0    0.808563308928
1443.0    0.88409849286
1444.0    0.831867702732
1445.0    0.847492589152
1446.0    0.813171695019
1447.0    0.818793478906
1448.0    0.82721635797
1449.0    0.916441549425
1450.0    0.824847916377
1451.0    0.796909388412
1452.0    0.807243396567
1453.0    0.838505351887
1454.0    0.831907625592
1455.0    0.832874700998
1456.0    0.791313481744
1457.0    0.81686067675
1458.0    0.923322604983
1459.0    0.810132994538
1460.0    0.873866353204
1461.0    0.863834028533
1462.0    0.809338352538
1463.0    0.794803089671
1464.0    0.845486519358
1465.0    0.833976204446
1466.0    0.863265481568
1467.0    0.835966542126
1468.0    0.830517195045
1469.0    0.83097279875
1470.0    0.815725809535
1471.0    0.887513208387
1472.0    0.756035190075
1473.0    0.671161742245
1474.0    0.862640970006
1475.0    0.641629132187
1476.0    0.799465957761
1477.0    0.702264182889
1478.0    0.836933721317
1479.0    0.841205425754
1480.0    0.742074109924
1481.0    0.734030826438
1482.0    0.818999371219
1483.0    0.728292801466
1484.0    0.85577621276
1485.0    0.869806793454
1486.0    0.834969993225
1487.0    0.821387657878
1488.0    0.876201886079
1489.0    0.82179849633
1490.0    0.899561943576
1491.0    0.831541824587
1492.0    0.864534933444
1493.0    0.820405583424
1494.0    0.848308084132
1495.0    0.820004057288
1496.0    0.944584587016
1497.0    0.79830139413
1498.0    0.862024572047
1499.0    0.862628287622
1500.0    0.834363894698
1501.0    0.792030922742
1502.0    0.931870120433
1503.0    0.796192330532
1504.0    0.786409953496
1505.0    0.826028654194
1506.0    0.832879379547
1507.0    0.783466465624
1508.0    0.809380858271
1509.0    0.860831999664
1510.0    0.860218640451
1511.0    0.800485705124
1512.0    0.863409201142
1513.0    0.881818054464
1514.0    0.84157160001
1515.0    0.820572425952
1516.0    0.913129915513
1517.0    0.750733750215
1518.0    0.776249054749
1519.0    0.87803926466
1520.0    0.840199006976
1521.0    0.882984103676
1522.0    0.886372775252
1523.0    0.872580062771
1524.0    0.857238086546
1525.0    0.8584445444
1526.0    0.886162316177
1527.0    0.797678147132
1528.0    0.852917044292
1529.0    0.838488657488
1530.0    0.828090183249
1531.0    0.857955396201
1532.0    0.802909985785
1533.0    0.806620684786
1534.0    0.818554530056
1535.0    0.889590433381
1536.0    0.818194426709
1537.0    0.846347111195
1538.0    0.811170246313
1539.0    0.832226923493
1540.0    0.803859384818
1541.0    0.832708253041
1542.0    0.874589305768
1543.0    0.793258236105
1544.0    0.894127088972
1545.0    0.83261751059
1546.0    0.855625346715
1547.0    0.896661741865
1548.0    0.852308822171
1549.0    0.881248628781
1550.0    0.913681963249
1551.0    0.827522345362
1552.0    0.835105952145
1553.0    0.85546869768
1554.0    0.833304718525
1555.0    0.858490850657
1556.0    0.815297630207
1557.0    0.809052874333
1558.0    0.835676485633
1559.0    0.865281198884
1560.0    0.871711914091
1561.0    0.860506635911
1562.0    0.881663681261
1563.0    0.925824113833
1564.0    0.788166426965
1565.0    0.798901329474
1566.0    0.803028297412
1567.0    0.855127985324
1568.0    0.780610430421
1569.0    0.840635866802
1570.0    0.858529214436
1571.0    0.915267863166
1572.0    0.86019238299
1573.0    0.819703271545
1574.0    0.860169965373
1575.0    0.782425049769
1576.0    0.872279027234
1577.0    0.904977016983
1578.0    0.917868879671
1579.0    0.820123514647
1580.0    0.87084167437
1581.0    0.772209912064
1582.0    0.922995050262
1583.0    0.803961578146
1584.0    0.818249794543
1585.0    0.866126801398
1586.0    0.893127265382
1587.0    0.876076689888
1588.0    0.935037456187
1589.0    0.734855954174
1590.0    0.846925040481
1591.0    0.864186702132
1592.0    0.8019124364
1593.0    0.823705592885
1594.0    0.804700304973
1595.0    0.81036855996
1596.0    0.877549084859
1597.0    0.813262622761
1598.0    0.910447174851
1599.0    0.844453307236
1600.0    0.896463589053
1601.0    0.860017605338
1602.0    0.856145101632
1603.0    0.835451143274
1604.0    0.771057233408
1605.0    0.796362658236
1606.0    0.830252432549
1607.0    0.859092800155
1608.0    0.859884412728
1609.0    0.867108360093
1610.0    0.863887878714
1611.0    0.845583934214
1612.0    0.812036773431
1613.0    0.834709791133
1614.0    0.920101185759
1615.0    0.870042357138
1616.0    0.850474452829
1617.0    0.823936767678
1618.0    0.844678945322
1619.0    0.865703790106
1620.0    0.876859586532
1621.0    0.844699188913
1622.0    0.903957444132
1623.0    0.883978918326
1624.0    0.831877103646
1625.0    0.860739256194
1626.0    0.848779589677
1627.0    0.885561288749
1628.0    0.808471401322
1629.0    0.821957050302
1630.0    0.897406284707
1631.0    0.852100156134
1632.0    0.794841848747
1633.0    0.84772127773
1634.0    0.776582707953
1635.0    0.844588748638
1636.0    0.893216649866
1637.0    0.839462407168
1638.0    0.895814328662
1639.0    0.792000636171
1640.0    0.802876789447
1641.0    0.873065148793
1642.0    0.803719444025
1643.0    0.841422035466
1644.0    0.815891778676
1645.0    0.828011866284
1646.0    0.870457104275
1647.0    0.885421388668
1648.0    0.880208538984
1649.0    0.843443315093
1650.0    0.882289004922
1651.0    0.684745432545
1652.0    0.845628858595
1653.0    0.722283752627
1654.0    0.673030748228
1655.0    0.849376827254
1656.0    0.810181577959
1657.0    0.738241295731
1658.0    0.750216406717
1659.0    0.756278839357
1660.0    0.854224451661
1661.0    0.773788710594
1662.0    0.836156066378
1663.0    0.689712268744
1664.0    0.652337974416
1665.0    0.827424974853
1666.0    0.798599725599
1667.0    0.846321136667
1668.0    0.761665413424
1669.0    0.668581420992
1670.0    0.689691712029
1671.0    0.739704034079
1672.0    0.766530770222
1673.0    0.743646171604
1674.0    0.634240956928
1675.0    0.902292448534
1676.0    0.724709847963
1677.0    0.674375995668
1678.0    0.864490109275
1679.0    0.864404491121
1680.0    0.793859591062
1681.0    0.794741759572
1682.0    0.789238387538
1683.0    0.801125687678
1684.0    0.857649789365
1685.0    0.799416467923
1686.0    0.868419904487
1687.0    0.816137414754
1688.0    0.846628563995
1689.0    0.803778482954
1690.0    0.879954880416
1691.0    0.870227366839
1692.0    0.867401978805
1693.0    0.828719450394
1694.0    0.854035190188
1695.0    0.832771170362
1696.0    0.764743268478
1697.0    0.861982343099
1698.0    0.771170000286
1699.0    0.842765019901
1700.0    0.862181253252
1701.0    0.852973357771
1702.0    0.68076590175
1703.0    0.8668030248
1704.0    0.865710397059
1705.0    0.834486412951
1706.0    0.824975937198
1707.0    0.784261973098
1708.0    0.746288195791
1709.0    0.809142870661
1710.0    0.875269168328
1711.0    0.826655256554
1712.0    0.887633925338
1713.0    0.771218891999
1714.0    0.846247099348
1715.0    0.768279182864
1716.0    0.737599572963
1717.0    0.824412420222
1718.0    0.732198360067
1719.0    0.823596643319
1720.0    0.786998126352
1721.0    0.735571196655
1722.0    0.888992836843
1723.0    0.818789072371
1724.0    0.753567127135
1725.0    0.842223371984
1726.0    0.910065800768
1727.0    0.788164311801
1728.0    0.68040574755
1729.0    0.854630422763
1730.0    0.741245174914
1731.0    0.827341401246
1732.0    0.80398719521
1733.0    0.817246770501
1734.0    0.829396642939
1735.0    0.846430490972
1736.0    0.850193062318
1737.0    0.934921178579
1738.0    0.84250082364
1739.0    0.883866076282
1740.0    0.724804448585
1741.0    0.822319708977
1742.0    0.899348097533
1743.0    0.758058868912
1744.0    0.64029095748
1745.0    0.86813496566
1746.0    0.844956874472
1747.0    0.899078322363
1748.0    0.856834031859
1749.0    0.838983019465
1750.0    0.81238392747
1751.0    0.83616944294
1752.0    0.862211212172
1753.0    0.882367149889
1754.0    0.870358606256
1755.0    0.772353669937
1756.0    0.80361295188
1757.0    0.860248273607
1758.0    0.865652277474
1759.0    0.901595067591
1760.0    0.855542962198
1761.0    0.832504841764
1762.0    0.871194234324
1763.0    0.850195363617
1764.0    0.857326557519
1765.0    0.856785800829
1766.0    0.825065203546
1767.0    0.765561604076
1768.0    0.830620200537
1769.0    0.881609034267
1770.0    0.826042602724
1771.0    0.846450412357
1772.0    0.759097777366
1773.0    0.868102038362
1774.0    0.817294906056
1775.0    0.911414520989
1776.0    0.911314386167
1777.0    0.796759090153
1778.0    0.839626262546
1779.0    0.851007613264
1780.0    0.833447628476
1781.0    0.837134046644
1782.0    0.836271974812
1783.0    0.820470308673
1784.0    0.702510592627
1785.0    0.865913880387
1786.0    0.661321640489
1787.0    0.806244632027
1788.0    0.834102549782
1789.0    0.648319494592
1790.0    0.889463894153
1791.0    0.911864047827
1792.0    0.708459170517
1793.0    0.777576259156
1794.0    0.700479814875
1795.0    0.785174741968
1796.0    0.894656998453
1797.0    0.790054528866
1798.0    0.78292392151
1799.0    0.759404428849
1800.0    0.81732576915
1801.0    0.728641904007
1802.0    0.811358707716
1803.0    0.809280190276
1804.0    0.765357843905
1805.0    0.82985419584
1806.0    0.859877526193
1807.0    0.729415358005
1808.0    0.882929985062
1809.0    0.794852449387
1810.0    0.828980048362
1811.0    0.902615186299
1812.0    0.70304808718
1813.0    0.800460636413
1814.0    0.808818857724
1815.0    0.873401438739
1816.0    0.869267585726
1817.0    0.783774303833
1818.0    0.920803655183
1819.0    0.87356321029
1820.0    0.770178683362
1821.0    0.835842890596
1822.0    0.821955519841
1823.0    0.835422491049
1824.0    0.822877958839
1825.0    0.72435134778
1826.0    0.822775988884
1827.0    0.858589546734
1828.0    0.8737092751
1829.0    0.845112831156
1830.0    0.796862470994
1831.0    0.791259308733
1832.0    0.799626561381
1833.0    0.782487406059
1834.0    0.850686556198
1835.0    0.852324251144
1836.0    0.808901550076
1837.0    0.809328467757
1838.0    0.842601395455
1839.0    0.756443696371
1840.0    0.881048297092
1841.0    0.726204252811
1842.0    0.809462741666
1843.0    0.913628849153
1844.0    0.820795199769
1845.0    0.799974397513
1846.0    0.852291727208
1847.0    0.817841345682
1848.0    0.837401515347
1849.0    0.823648442177
1850.0    0.823905570749
1851.0    0.708892813238
1852.0    0.785711656146
1853.0    0.773663321011
1854.0    0.843212751262
1855.0    0.857471664118
1856.0    0.806629834055
1857.0    0.883610154907
1858.0    0.875491425189
1859.0    0.911675220522
1860.0    0.807687635106
1861.0    0.837745355906
1862.0    0.787894742199
1863.0    0.900072795466
1864.0    0.872526579279
1865.0    0.844069809113
1866.0    0.872667434193
1867.0    0.811168104193
1868.0    0.811109695462
1869.0    0.864797811166
1870.0    0.824669206728
1871.0    0.805755558676
1872.0    0.809445067494
1873.0    0.859133428508
1874.0    0.811110661585
1875.0    0.828131479167
1876.0    0.899412796452
1877.0    0.859376564783
1878.0    0.841152178101
1879.0    0.944729020948
1880.0    0.84290442078
1881.0    0.774153756783
1882.0    0.815791230386
1883.0    0.861650616792
1884.0    0.895409440145
1885.0    0.877165046204
1886.0    0.794003741409
1887.0    0.849594688447
1888.0    0.889792523651
1889.0    0.847720741165
1890.0    0.807725067893
1891.0    0.849437736035
1892.0    0.798868640589
1893.0    0.84121499033
1894.0    0.773287278254
1895.0    0.82678642984
1896.0    0.771218286404
1897.0    0.773982247399
1898.0    0.832740277281
1899.0    0.7600138758
1900.0    0.861088051457
1901.0    0.850984439609
1902.0    0.88787715388
1903.0    0.821731253404
1904.0    0.787346621289
1905.0    0.777641010635
1906.0    0.756541485708
1907.0    0.850846666876
1908.0    0.746676872415
1909.0    0.825414717331
1910.0    0.838359058723
1911.0    0.908893281524
1912.0    0.790384965157
1913.0    0.821229081731
1914.0    0.829751919307
1915.0    0.861762993632
1916.0    0.845885280577
1917.0    0.870407892965
1918.0    0.730032620507
1919.0    0.768347597504
1920.0    0.851394608116
1921.0    0.760927976003
1922.0    0.724989336954
1923.0    0.785622296138
1924.0    0.700255151934
1925.0    0.784233202811
1926.0    0.813534053922
1927.0    0.81965181686
1928.0    0.801346214811
1929.0    0.813636247156
1930.0    0.849449366669
1931.0    0.908832090942
1932.0    0.925363531991
1933.0    0.845425954496
1934.0    0.81604453993
1935.0    0.894141942063
1936.0    0.838547840067
1937.0    0.764902209828
1938.0    0.889627842337
1939.0    0.812233329924
1940.0    0.821511251897
1941.0    0.875981410173
1942.0    0.823957973969
1943.0    0.823623115033
1944.0    0.798693584715
1945.0    0.832325365107
1946.0    0.8043564756
1947.0    0.791853513829
1948.0    0.789650205124
1949.0    0.879683389691
1950.0    0.782946042998
1951.0    0.784808645803
1952.0    0.825060896256
1953.0    0.833645170695
1954.0    0.873866452518
1955.0    0.737663895241
1956.0    0.756199821621
1957.0    0.857669673455
1958.0    0.858508256034
1959.0    0.921278824467
1960.0    0.732764992621
1961.0    0.867304902368
1962.0    0.693166014912
1963.0    0.770454878945
1964.0    0.843128181706
1965.0    0.806899825377
1966.0    0.776373847193
1967.0    0.789806355915
1968.0    0.840098834588
1969.0    0.808405245545
1970.0    0.84241077332
1971.0    0.873091399574
1972.0    0.805765429703
1973.0    0.768234627748
1974.0    0.837819562688
1975.0    0.786364516653
1976.0    0.849374470448
1977.0    0.832469318506
1978.0    0.731219993445
1979.0    0.692241176514
1980.0    0.742617200138
1981.0    0.839286018644
1982.0    0.710452000492
1983.0    0.86574102009
1984.0    0.809249853166
1985.0    0.810534172797
1986.0    0.892869696926
1987.0    0.858174714261
1988.0    0.828285808139
1989.0    0.817943744112
1990.0    0.796642962326
1991.0    0.897317850094
1992.0    0.845352491282
1993.0    0.837645730335
1994.0    0.83137648471
1995.0    0.833876823233
1996.0    0.852444547356
1997.0    0.927467981853
1998.0    0.842057386338
1999.0    0.827245055015
2000.0    0.868766826557
