2.0    0.175424598689
3.0    0.128392499739
4.0    0.203435160852
5.0    0.258665931421
6.0    0.180368478031
7.0    0.241209774064
8.0    0.340583762453
9.0    0.226094103881
10.0    0.240246890723
11.0    0.165120860874
12.0    0.0889585338619
13.0    0.0883671292059
14.0    0.232483960794
15.0    0.19103293036
16.0    0.219111873604
17.0    0.296475907241
18.0    0.261703235342
19.0    0.156286694349
20.0    0.224475578141
21.0    0.291566041801
22.0    0.185231557104
23.0    0.114205389098
24.0    0.134236572481
25.0    0.208244737038
26.0    0.221554835051
27.0    0.174777088
28.0    0.275493057509
29.0    0.126575716243
30.0    0.214972763834
31.0    0.198949892575
32.0    0.143666899204
33.0    0.199753919016
34.0    0.236164745302
35.0    0.146153438517
36.0    0.208447804623
37.0    0.262063991863
38.0    0.207736554725
39.0    0.313897274356
40.0    0.252023307165
41.0    0.31167560024
42.0    0.171449676635
43.0    0.165178699028
44.0    0.287825222194
45.0    0.297182350074
46.0    0.353477629501
47.0    0.303282679362
48.0    0.311147282976
49.0    0.371525857904
50.0    0.0829348244665
51.0    0.0823501935715
52.0    0.401563425914
53.0    0.403320392606
54.0    0.244552945172
55.0    0.305119165326
56.0    0.216771793132
57.0    0.250625604146
58.0    0.269341416487
59.0    0.321059463795
60.0    0.286058078881
61.0    0.300739693285
62.0    0.262013800192
63.0    0.287352940343
64.0    0.25042957279
65.0    0.258476046387
66.0    0.228476026835
67.0    0.345284534939
68.0    0.30905165496
69.0    0.427060505459
70.0    0.272390239548
71.0    0.357117808555
72.0    0.397568759879
73.0    0.334504083679
74.0    0.404865967065
75.0    0.295983593488
76.0    0.314705272037
77.0    0.174214258217
78.0    0.278569514044
79.0    0.236747636851
80.0    0.306526721027
81.0    0.216592809737
82.0    0.254538988477
83.0    0.279211256774
84.0    0.301787848627
85.0    0.266587288764
86.0    0.225735019156
87.0    0.233826293531
88.0    0.242824646959
89.0    0.332779916801
90.0    0.265489114705
91.0    0.248274074725
92.0    0.301587719891
93.0    0.283773056573
94.0    0.258762312273
95.0    0.241091393603
96.0    0.321120553926
97.0    0.392905139754
98.0    0.342125374638
99.0    0.26819152907
100.0    0.27785506217
101.0    0.215445522237
102.0    0.367929832029
103.0    0.383892036672
104.0    0.254828036334
105.0    0.234840553777
106.0    0.178536874557
107.0    0.355656343048
108.0    0.299056828144
109.0    0.35622533406
110.0    0.328085030819
111.0    0.178894788112
112.0    0.272473824182
113.0    0.206227677584
114.0    0.215463460582
115.0    0.297936222589
116.0    0.181740575039
117.0    0.2937003484
118.0    0.322148709319
119.0    0.306548256156
120.0    0.370090591045
121.0    0.32326193258
122.0    0.330123672004
123.0    0.215028076027
124.0    0.251142308045
125.0    0.309564046379
126.0    0.338086206857
127.0    0.318104512002
128.0    0.436759752318
129.0    0.382838229326
130.0    0.305853052194
131.0    0.2841641808
132.0    0.205468769517
133.0    0.178563019093
134.0    0.45936331555
135.0    0.3645332703
136.0    0.396600205947
137.0    0.2802608219
138.0    0.347014035405
139.0    0.428075895213
140.0    0.293014226507
141.0    0.221397807635
142.0    0.261598015012
143.0    0.323465649237
144.0    0.279601553843
145.0    0.181250497379
146.0    0.444175757614
147.0    0.171106961667
148.0    0.249155430395
149.0    0.260225873007
150.0    0.390302916534
151.0    0.245402172931
152.0    0.232980356324
153.0    0.274216221736
154.0    0.233556947276
155.0    0.288786135114
156.0    0.269633502892
157.0    0.267276859795
158.0    0.32991499735
159.0    0.261768353166
160.0    0.320317871848
161.0    0.262315998628
162.0    0.27609902399
163.0    0.226823853527
164.0    0.421003591744
165.0    0.472102233701
166.0    0.349186838661
167.0    0.262963894134
168.0    0.478332501853
169.0    0.215695424172
170.0    0.31009494363
171.0    0.402659865469
172.0    0.476375777956
173.0    0.366643918479
174.0    0.43980233871
175.0    0.461811244729
176.0    0.32451105308
177.0    0.372674664197