16    -0.985548806673
16.5    -0.986222662143
17.0    -0.98671001696
17.5    -0.987124986903
18.0    -0.987492360024
18.5    -0.9878257017
19.0    -0.988129992051
19.5    -0.988411506287
20.0    -0.988672677513
20.5    -0.988917293445
21.0    -0.989146863359
21.5    -0.989363770659
22.0    -0.989569074386
22.5    -0.989764292396
23.0    -0.989950220437
23.5    -0.990127852429
24.0    -0.990297812023
24.5    -0.990460783955
25.0    -0.990617268357
25.5    -0.990767765226
26.0    -0.990912679979
26.5    -0.991052396488
27.0    -0.991187245792
27.5    -0.991317533713
28.0    -0.991443532859
28.5    -0.991565493224
29.0    -0.991683641584
29.5    -0.991798186054
30.0    -0.991909317311
30.5    -0.992017210985
31.0    -0.992122029052
31.5    -0.992223921358
32.0    -0.992323026794
32.5    -0.992419474392
33.0    -0.992513384254
33.5    -0.992604868387
34.0    -0.992694031432
34.5    -0.992780971314
35.0    -0.992865779823
35.5    -0.992948543127
36.0    -0.993029342235
36.5    -0.993108253415
37.0    -0.993185348561
37.5    -0.993260695537
38.0    -0.993334358473
38.5    -0.99340639805
39.0    -0.993476871743
39.5    -0.993545834049
40.0    -0.9936133367
40.5    -0.993679428846
41.0    -0.993744157231
41.5    -0.993807566352
42.0    -0.993869698603
42.5    -0.993930594408
43.0    -0.993990292347
43.5    -0.994048829265
44.0    -0.99410624038
44.5    -0.994162559378
45.0    -0.994217818503
45.5    -0.99427204864
46.0    -0.994325279389
46.5    -0.994377539141
47.0    -0.994428855141
47.5    -0.99447925355
48.0    -0.994528759504
48.5    -0.994577397166
49.0    -0.994625189777
49.5    -0.994672159703
50.0    -0.994718328479
50.5    -0.994763716847
51.0    -0.994808344801
51.5    -0.994852231617
52.0    -0.994895395888
52.5    -0.994937855559
53.0    -0.994979627954
53.5    -0.995020729805
54.0    -0.995061177281
54.5    -0.995100986009
55.0    -0.995140171099
55.5    -0.99517874717
56.0    -0.995216728366
56.5    -0.995254128379
57.0    -0.995290960468
57.5    -0.995327237474
