16    -0.963027477314
16.5    -0.967046937042
17.0    -0.96956958621
17.5    -0.971421895774
18.0    -0.972929806679
18.5    -0.97424069048
19.0    -0.97541451195
19.5    -0.976483355451
20.0    -0.977464405118
20.5    -0.978370150368
21.0    -0.979209676058
21.5    -0.979990497668
22.0    -0.980718781553
22.5    -0.981399791164
23.0    -0.98203802606
23.5    -0.982637388663
24.0    -0.983201281603
24.5    -0.983732694597
25.0    -0.984234269038
25.5    -0.984708351498
26.0    -0.985157036694
26.5    -0.985582202927
27.0    -0.985985541339
27.5    -0.986368580298
28.0    -0.986732705854
28.5    -0.987079178996
29.0    -0.987409150303
29.5    -0.987723672452
30.0    -0.988023710955
30.5    -0.988310153418
31.0    -0.988583817575
31.5    -0.988845458283
32.0    -0.989095773638
32.5    -0.989335410355
33.0    -0.989564968508
33.5    -0.989785005733
34.0    -0.989996040958
34.5    -0.990198557727
35.0    -0.990393007179
35.5    -0.990579810714
36.0    -0.990759362394
36.5    -0.990932031108
37.0    -0.991098162527
37.5    -0.99125808088
38.0    -0.991412090558
38.5    -0.991560477587
39.0    -0.991703510954
39.5    -0.991841443834
40.0    -0.991974514702
40.5    -0.992102948355
41.0    -0.992226956851
41.5    -0.992346740369
42.0    -0.992462488005
42.5    -0.992574378502
43.0    -0.992682580921
43.5    -0.992787255269
44.0    -0.992888553072
44.5    -0.992986617907
45.0    -0.993081585897
45.5    -0.993173586171
46.0    -0.993262741288
46.5    -0.993349167631
47.0    -0.993432975775
47.5    -0.993514270833
48.0    -0.993593152767
48.5    -0.993669716696
49.0    -0.993744053162
49.5    -0.993816248399
50.0    -0.993886384568
50.5    -0.993954539986
51.0    -0.99402078934
51.5    -0.99408520388
52.0    -0.994147851611
52.5    -0.994208797462
53.0    -0.994268103453
53.5    -0.994325828845
54.0    -0.994382030289
54.5    -0.994436761957
55.0    -0.994490075671
55.5    -0.994542021024
56.0    -0.994592645491
56.5    -0.994641994534
57.0    -0.994690111706
57.5    -0.994737038744
58.0    -0.994782815656
58.5    -0.994827480805
59.0    -0.994871070992
59.5    -0.994913621528
60.0    -0.994955166304
60.5    -0.994995737861
61.0    -0.99503536745
61.5    -0.995074085095
62.0    -0.995111919646
62.5    -0.995148898837
63.0    -0.995185049333
63.5    -0.995220396781
64.0    -0.995254965855
64.5    -0.995288780298
65.0    -0.995321862964
65.5    -0.995354235859
66.0    -0.995385920173
