# Deterministic Optimizaition by hand
# Jopt = [0.029712113684975471, 0.0019313360118088381, 			2.5730646249014986, 0.2634350106218819, 		0.00017673541938522937, 0.93176797709631909, 			-0.1579166701659572, 5.3058782012480226, 			0.0047436976211173649, 2.5792495288939659, 		0.16792727392254292, 0.95809038402944036, 			0.019688428648378824, 0.91896027156177207, 			1.5842521682278288, -4.9310464237029539, 			0.00057397157496532627, 0.0069072338921918634, 			1.3520116379060121, -4.163862423244459, 		0.008902423872820418, 1.2634974458842052, 			0.58222588404795483, 0.022419336142045217, 			0.014063835375487284, 0.0537610005782952, 			1.6417943244674049, 1.866249432982835, 			0.00038905379099161839, 0.20881318699294046, 			0.74533948241432357, -0.024928332217093375, 			-1.6454861800652032, 0.023603966332102731, 			0.49658403840790943, 0.038625689254558622]


1    -0.999897524177
2    -0.999904533052
3    -0.999906154765
4    -0.999914709748
5    -0.999923618207
6    -0.999926854887
7    -0.999928705068
8    -0.999930190173
9    -0.999931444179
10    -0.999932522725
11    -0.999933464234
12    -0.999934296215
13    -0.999935038957
14    -0.999935707808
15    -0.999936314623
16    -0.999936868733
17    -0.999937377594
18    -0.999937847252
19    -0.999938282667
20    -0.999938687953
21    -0.999939066555
