2.0    0.0659508322983
3.0    0.356901127851
4.0    0.311726291894
5.0    0.397507793883
6.0    0.219654023109
7.0    0.197038504229
8.0    0.206624142182
9.0    0.198170607765
10.0    0.198536133122
11.0    0.490725757864
12.0    0.215026855043
13.0    0.0978173461966
14.0    0.233850300492
15.0    0.0573253686398
16.0    0.235029817085
17.0    0.127449871237
18.0    0.352054660462
19.0    0.256628176039
20.0    0.332301799164
21.0    0.144090579186
22.0    0.1690745918
23.0    0.14555345184
24.0    0.197671417036
25.0    0.0818725551482
26.0    0.317213701292
27.0    0.274556225576
28.0    0.0386957242285
29.0    0.196224425889
30.0    0.19849763333
31.0    0.1090981912
32.0    0.0691681647352
33.0    0.306527317647
34.0    0.244451197994
35.0    0.210071042736
36.0    0.123168204398
37.0    0.159292441591
38.0    0.148686317334
39.0    0.191655301249
40.0    0.233292275037
41.0    0.450341051343
42.0    0.297749309514
43.0    0.153864858764
44.0    0.426594666985
45.0    0.567499077598
46.0    0.162624154253
47.0    0.244984153185
48.0    0.428516407795
49.0    0.604889475186
50.0    0.492687254345
51.0    0.496705609464
52.0    0.506600148815
53.0    0.268164403727
54.0    0.630118856449
55.0    0.409059633488
56.0    0.213403994959
57.0    0.626923339117
58.0    0.446996954225
59.0    0.658169740808
60.0    0.452708473868
61.0    0.456465133657
62.0    0.401191351206
63.0    0.583159651048
64.0    0.491778435486
65.0    0.636245354826
66.0    0.441408491682
67.0    0.523975843194
68.0    0.337973104694
69.0    0.649284678837
70.0    0.433293181993
71.0    0.546949946716
72.0    0.476190610076
73.0    0.540837715728
74.0    0.509489473528
75.0    0.481124187697
76.0    0.505883080742
77.0    0.626634691847
78.0    0.530325660392
79.0    0.306685073069
80.0    0.0551139274876
81.0    0.580201665319
82.0    0.686603395218
83.0    0.647031934035
84.0    0.654093197516
85.0    0.507588193206
86.0    0.643387028251
87.0    0.548117573281
88.0    0.726419857866
89.0    0.572704627985
90.0    0.693925986381
91.0    0.652093089751
92.0    0.587339633463
93.0    0.657122592605
94.0    0.613697446869
95.0    0.678049559978
96.0    0.573956613468
97.0    0.580390993937
98.0    0.492468947615
99.0    0.575834706282
100.0    0.449127425639
101.0    0.593878081183
102.0    0.72320492056
103.0    0.698137896606
104.0    0.582026353836
105.0    0.639092674763
106.0    0.655571645852
107.0    0.655040785402
108.0    0.603476937537
109.0    0.589987385424
110.0    0.570894215753
111.0    0.526078694007
112.0    0.60250544019
113.0    0.502387065552
114.0    0.711188436694
115.0    0.582354255147
116.0    0.590847787892
117.0    0.711445516083
118.0    0.536376636401
119.0    0.539517644001
120.0    0.623943182393
121.0    0.698861191849
122.0    0.429749607661
123.0    0.513697720636
124.0    0.733108761328
125.0    0.478838435527
126.0    0.775140356941
127.0    0.689015412321
128.0    0.386922449339
129.0    0.783262686797
130.0    0.47891951693
131.0    0.483288212105
132.0    0.644284189642
133.0    0.734467407413
134.0    0.726612058919
135.0    0.711128312768
136.0    0.533804923605
137.0    0.644342437371
138.0    0.764491134058
139.0    0.738018573229
140.0    0.757175626536
141.0    0.841991864473
142.0    0.630303285951
143.0    0.696669133057
144.0    0.571932980959
145.0    0.793949503612
146.0    0.733898088168
147.0    0.769567539659
148.0    0.730534488895
149.0    0.829336741038
150.0    0.536019513589
151.0    0.718585298572
152.0    0.764710868538
153.0    0.743278594933
154.0    0.573965867011
155.0    0.746701639657
156.0    0.817006250683
157.0    0.630238926739
158.0    0.683230857906
159.0    0.724573866074
160.0    0.52705657029
161.0    0.79618560232
162.0    0.66458835228
163.0    0.307412710789
164.0    0.611027487307
165.0    0.424444495016
166.0    0.774768652245
167.0    0.53818413496
168.0    0.314237246889
169.0    0.583970530994
170.0    0.843252043261
171.0    0.577558149107
172.0    0.476135205819
173.0    0.528912289074
174.0    0.447720058699
175.0    0.725317055201
176.0    0.585816388122
177.0    0.528560057224
178.0    0.424249060205
179.0    0.424032389803
180.0    0.414012248391
181.0    0.575222950688
182.0    0.500718238729
183.0    0.555595591657
184.0    0.343063306387
185.0    0.568206155881
186.0    0.394619684692
187.0    0.664765245027
188.0    0.640497344407
189.0    0.318147362214
190.0    0.420581049616
191.0    0.679235348905
192.0    0.40314479087
193.0    0.293129977066
194.0    0.231667351169
195.0    0.299556386429
196.0    0.545930989861
197.0    0.394175727054
198.0    0.254466881503
199.0    0.639289883796
200.0    0.448383418468
201.0    0.36992434524
202.0    0.444804935269
203.0    0.585559123163
204.0    0.496612001613
205.0    0.416283283201
206.0    0.481041414699
207.0    0.458518081076
208.0    0.391317353682
209.0    0.423021320278
210.0    0.58575729262
211.0    0.635540181686
212.0    0.608614988384
213.0    0.367957214385
214.0    0.704786388971
215.0    0.401861265762
216.0    0.391151038753
217.0    0.712281004401
218.0    0.532302145314
219.0    0.240593440345
220.0    0.355602298117
221.0    0.437117176514
222.0    0.529208998862
223.0    0.214880896039
224.0    0.313877168184
225.0    0.415343352337
226.0    0.366407711762
227.0    0.419509641117
228.0    0.478152300877
229.0    0.614844858826
230.0    0.298314983431
231.0    0.648834564926
232.0    0.585751646421
233.0    0.515347943488
234.0    0.330758837663
235.0    0.650770116941
236.0    0.403449613266
237.0    0.362052676259
238.0    0.463492798804
239.0    0.508914753805
240.0    0.512231277602
241.0    0.704393942598
242.0    0.315338773522
243.0    0.587704357397
244.0    0.605320383837
245.0    0.539090308568
246.0    0.645032866897
247.0    0.50179306576
248.0    0.417181027171
249.0    0.545854050772
250.0    0.368115885106
251.0    0.622607737918
252.0    0.716890827029
253.0    0.456527887562
254.0    0.516636240733
255.0    0.656929937411
256.0    0.674375624138
257.0    0.677273189349
258.0    0.312591461401
259.0    0.550096683206
260.0    0.374016749111
261.0    0.172706825733
262.0    0.763220508998
263.0    0.430625700553
264.0    0.581581195624
265.0    0.683405589588
266.0    0.579879019588
267.0    0.543931442944
268.0    0.506445822747
269.0    0.448672352786
270.0    0.318832382644
271.0    0.697818370254
272.0    0.283430157125
273.0    0.538287431372
274.0    0.44993108069
275.0    0.652050649877
276.0    0.703660989927
277.0    0.654942948391
278.0    0.608463424834
279.0    0.743774228869
280.0    0.490732016204
281.0    0.669729595755
282.0    0.75360711546
283.0    0.359950022785
284.0    0.666072260772
285.0    0.562121310257
286.0    0.475366658629
287.0    0.686356931034
288.0    0.734918839621
289.0    0.779045538371
290.0    0.602352768946
291.0    0.654126039294
292.0    0.545338499479
293.0    0.679467775942
294.0    0.492092370675
295.0    0.78668019885
296.0    0.85247683458
297.0    0.626136735835
298.0    0.326557708295
299.0    0.504478209878
300.0    0.538824524033
301.0    0.621410986563
302.0    0.644056087939
303.0    0.137181466494
304.0    0.741754226473
305.0    0.676229799278
306.0    0.796925460773
307.0    0.812087126534
308.0    0.785960842088
309.0    0.302730997294
310.0    0.67423548402
311.0    0.8424805209
312.0    0.57942305988
313.0    0.572653880267
314.0    0.664113212999
315.0    0.741177588229
316.0    0.832905893628
317.0    0.762633822569
318.0    0.429510210613
319.0    0.481719959538
320.0    0.393436706216
321.0    0.702630578819
322.0    0.476585739139
323.0    0.663863143042
324.0    0.633016860496
325.0    0.765169810561
326.0    0.636846494339
327.0    0.641969320005
328.0    0.669141372612
329.0    0.745215149211
330.0    0.592689504528
331.0    0.553624385046
332.0    0.615636763032
333.0    0.854991734804
334.0    0.664068491807
335.0    0.756670331714
336.0    0.655413776725
337.0    0.585350732986
338.0    0.729366839468
339.0    0.653944511439
340.0    0.759318277808
341.0    0.654489908866
342.0    0.743861144135
343.0    0.701498939847
344.0    0.868711716945
345.0    0.785933439508
346.0    0.685554257046
347.0    0.73459570627
348.0    0.805182202909
349.0    0.709733555084
350.0    0.771895681153
351.0    0.725273742541
352.0    0.729611157581
353.0    0.778480036994
354.0    0.760332641021
355.0    0.720447663335
356.0    0.795264404533
357.0    0.712098021357
358.0    0.670589761048
359.0    0.754679294876
360.0    0.792138025687
361.0    0.834089378506
362.0    0.585847729173
363.0    0.853810715326
364.0    0.486308499615
365.0    0.82122165535
366.0    0.711963881566
367.0    0.681617595216
368.0    0.843706039019
369.0    0.442819229327
370.0    0.497797678122
371.0    0.883665812175
372.0    0.657827985173
373.0    0.777599288993
374.0    0.85006660308
375.0    0.860380493929
376.0    0.762963012229
377.0    0.814343211158
378.0    0.831692540429
379.0    0.725159797692
380.0    0.604216886493
381.0    0.847257985237
382.0    0.838868495124
383.0    0.477126472713
384.0    0.748753447474
385.0    0.595882983113
386.0    0.770337532734
387.0    0.868438565025
388.0    0.794717831662
389.0    0.701223283777
390.0    0.671829567833
391.0    0.850437632714
392.0    0.720845096459
393.0    0.808192162288
394.0    0.808650293756
395.0    0.676301249775
396.0    0.773641972154
397.0    0.686425110918
398.0    0.775240031846
399.0    0.774299074287
400.0    0.53298792751
401.0    0.701056669756
402.0    0.698776590409
403.0    0.772865758695
404.0    0.713799192561
405.0    0.809056304267
406.0    0.694815535224
407.0    0.746640874377
408.0    0.540283289036
409.0    0.792023411985
410.0    0.833007345754
411.0    0.755074832037
412.0    0.794472401223
413.0    0.764692105486
414.0    0.739847534067
415.0    0.810964614757
416.0    0.786817614152
417.0    0.896546298544
418.0    0.855257917724
419.0    0.776483110653
420.0    0.892670560379
421.0    0.85899508858
422.0    0.815071991827
423.0    0.723913833583
424.0    0.820113636296
425.0    0.80764553003
426.0    0.90913120523
427.0    0.761978285285
428.0    0.832509288335
429.0    0.842697693871
430.0    0.79713939156
431.0    0.859016593067
432.0    0.799700237141
433.0    0.859147997608
434.0    0.781028798051
435.0    0.814279551428
436.0    0.790393998925
437.0    0.689282865045
438.0    0.807183516325
439.0    0.805773650919
440.0    0.861035561682
441.0    0.917037178613
442.0    0.740949233749
443.0    0.807974126551
444.0    0.768493063324
445.0    0.776367753532
446.0    0.804496674577
447.0    0.758208110203
448.0    0.77808663691
449.0    0.860270886508
450.0    0.734860356514
451.0    0.895516600488
452.0    0.575806268084
453.0    0.751871559869
454.0    0.944738643331
455.0    0.848757419004
456.0    0.856884528972
457.0    0.884496624121
458.0    0.815209769272
459.0    0.842233687651
460.0    0.815810214552
461.0    0.811923737852
462.0    0.865223162735
463.0    0.750168526779
464.0    0.867053760209
465.0    0.794187467735
466.0    0.855895724955
467.0    0.85829921003
468.0    0.912377768375
469.0    0.754088088728
470.0    0.873156127599
471.0    0.813501606762
472.0    0.910373646919
473.0    0.83261864708
474.0    0.830409246917
475.0    0.90484366918
476.0    0.795314464709
477.0    0.774157275213
478.0    0.73083866603
479.0    0.735337226512
480.0    0.817185755471
481.0    0.803277667412
482.0    0.828705449053
483.0    0.838801167782
484.0    0.723081218378
485.0    0.762675489588
486.0    0.761252865985
487.0    0.896243767941
488.0    0.634455696127
489.0    0.785973986366
490.0    0.801372427981
491.0    0.920380236182
492.0    0.939530737594
493.0    0.773044568271
494.0    0.773912011792
495.0    0.846528761482
496.0    0.812477792635
497.0    0.807882099764
498.0    0.742165807501
499.0    0.878451630828
500.0    0.859663420215
501.0    0.814572253444
502.0    0.676193580687
503.0    0.946524702777
504.0    0.885781300427
505.0    0.84750807158
506.0    0.829041197735
507.0    0.906387594771
508.0    0.883503235557
509.0    0.750883980991
510.0    0.896553044105
511.0    0.865580224603
512.0    0.809288359024
513.0    0.896980549987
514.0    0.889066537161
515.0    0.818233129751
516.0    0.87937065958
517.0    0.913225531633
518.0    0.769409905324
519.0    0.758661430441
520.0    0.86122519747
521.0    0.858923611899
522.0    0.799813093627
523.0    0.879578338668
524.0    0.867908002963
525.0    0.893356756944
526.0    0.76798628105
527.0    0.895869759927
528.0    0.628073831125
529.0    0.669663154356
530.0    0.811322329567
531.0    0.914741364948
532.0    0.809555384738
533.0    0.886525234714
534.0    0.780625194599
535.0    0.837245568117
536.0    0.889233571009
537.0    0.742362868468
538.0    0.912347796893
539.0    0.819689611495
540.0    0.745770748287
541.0    0.767881610867
542.0    0.867447372537
543.0    0.825069824359
544.0    0.854586864531
545.0    0.804257629997
546.0    0.771284766489
547.0    0.798683203196
548.0    0.718959853446
549.0    0.788452244773
550.0    0.894161789107
551.0    0.744671790246
552.0    0.704718042566
553.0    0.681644989588
554.0    0.923999602222
555.0    0.691567169918
556.0    0.854084259855
557.0    0.79751041562
558.0    0.760703055647
559.0    0.836590936157
560.0    0.840164450219
561.0    0.752041059493
562.0    0.935255597074
563.0    0.816764669684
564.0    0.672319438391
565.0    0.797170258463
566.0    0.86577469382
567.0    0.788656738159
568.0    0.704210479092
569.0    0.760205094986
570.0    0.88310846504
571.0    0.708307139473
572.0    0.8601764434
573.0    0.893213205797
574.0    0.573954886797
575.0    0.583717258287
576.0    0.648883734274
577.0    0.876384423154
578.0    0.734596754501
579.0    0.800035785354
580.0    0.836040005866
581.0    0.914425442441
582.0    0.921220015931
583.0    0.846552257816
584.0    0.872816004207
585.0    0.903716720586
586.0    0.730063291424
587.0    0.905841269553
588.0    0.734735189258
589.0    0.785757460344
590.0    0.809550821264
591.0    0.838004734918
592.0    0.82028328268
593.0    0.929743795468
594.0    0.87765292464
595.0    0.852083502344
596.0    0.869917378993
597.0    0.773127966929
598.0    0.790412250946
599.0    0.673025773667
600.0    0.774233063333
601.0    0.743631256645
602.0    0.94959492783
603.0    0.964638434127
604.0    0.73957735486
605.0    0.956430759583
606.0    0.956976642164
607.0    0.835728350786
608.0    0.976650130107
609.0    0.844261230777
610.0    0.871915744568
611.0    0.546040753261
612.0    0.861998670389
613.0    0.767124841487
614.0    0.669254534312
615.0    0.666763715345
616.0    0.47464537048
617.0    0.86624444904
618.0    0.890680318691
619.0    0.510219745009
620.0    0.866169579815
621.0    0.768396651783
622.0    0.954344100422
623.0    0.745652218753
624.0    0.744423410911
625.0    0.866110208648
626.0    0.779013251383
627.0    0.80169014483
628.0    0.828835065909
629.0    0.832071859701
630.0    0.931834723821
631.0    0.874326158102
632.0    0.90411811267
633.0    0.854604021597
634.0    0.851612864301
635.0    0.963334079746
636.0    0.899761329518
637.0    0.950628187186
638.0    0.940912384474
639.0    0.905980652938
640.0    0.869527562436
641.0    0.926687313862
642.0    0.92971595764
643.0    0.91558269971
644.0    0.915460106937
645.0    0.911676159136
646.0    0.906699711586
647.0    0.853561913157
648.0    0.913514538703
649.0    0.909103314488
650.0    0.919152194678
651.0    0.913038973536
652.0    0.943905891237
653.0    0.909848501314
654.0    0.953625531354
655.0    0.946070955992
656.0    0.905791776548
657.0    0.923580547157
658.0    0.835328236983
659.0    0.88132792465
660.0    0.95151390902
661.0    0.906853209915
662.0    0.872659689498
663.0    0.913940445512
664.0    0.861513082918
665.0    0.799571590938
666.0    0.886078413913
667.0    0.784803365061
668.0    0.829673694294
669.0    0.790449800949
670.0    0.898991934094
671.0    0.820777143443
672.0    0.923596292892
673.0    0.898324476483
674.0    0.922970156489
675.0    0.851229944022
676.0    0.751912037071
677.0    0.788652114909
678.0    0.768868069909
679.0    0.818708834758
680.0    0.785485694806
681.0    0.885672539243
682.0    0.681973868041
683.0    0.754804184391
684.0    0.866468343592
685.0    0.947998912488
686.0    0.836995189962
687.0    0.674564166782
688.0    0.873721775774
689.0    0.702193550888
690.0    0.626913831451
691.0    0.925758627732
692.0    0.804579851652
693.0    0.584919911177
694.0    0.877602119512
695.0    0.756636213418
696.0    0.907730405836
697.0    0.78674336635
698.0    0.879817461071
699.0    0.925164154943
700.0    0.890462223257
701.0    0.88835219649
702.0    0.864446551436
703.0    0.903198092189
704.0    0.89780418182
705.0    0.667526920707
706.0    0.846044921801
707.0    0.829754465132
708.0    0.821188506042
709.0    0.624261887586
710.0    0.793608225264
711.0    0.667164085875
712.0    0.701946476228
713.0    0.872739855016
714.0    0.85106487455
715.0    0.886236657332
716.0    0.910271456694
717.0    0.901707846569
718.0    0.926165342267
719.0    0.799459460336
720.0    0.833567345633
721.0    0.882783357357
722.0    0.916505806531
723.0    0.907263469649
724.0    0.84976228046
725.0    0.939481668047
726.0    0.853489594405
727.0    0.975169859358
728.0    0.911881466053
729.0    0.952762502228
730.0    0.795054832868
731.0    0.874291598454
732.0    0.841051155707
733.0    0.877964708021
734.0    0.864195039522
735.0    0.81222356056
736.0    0.787101793993
737.0    0.833305421472
738.0    0.766442413343
739.0    0.831861988719
740.0    0.864658579906
741.0    0.779865469997
742.0    0.886327010023
743.0    0.77438497235
744.0    0.825189591127
745.0    0.797033946266
746.0    0.924808643071
747.0    0.774847777343
748.0    0.761176726038
749.0    0.919655174269
750.0    0.884568415741
751.0    0.777692322561
752.0    0.901728196187
753.0    0.905471852743
754.0    0.918626591795
755.0    0.92910987624
756.0    0.912065969503
757.0    0.942458991187
758.0    0.931812500189
759.0    0.867899897611
760.0    0.852335850536
761.0    0.883707028337
762.0    0.815138576505
763.0    0.779477247703
764.0    0.968139352297
765.0    0.925386910973
766.0    0.820264225071
767.0    0.842486012488
768.0    0.842504527096
769.0    0.856639911117
770.0    0.738916788673
771.0    0.843905489762
772.0    0.911353983714
773.0    0.871656791108
774.0    0.843008912995
775.0    0.900133167942
776.0    0.94412769198
777.0    0.932193056881
778.0    0.96153777652
779.0    0.893706457657
780.0    0.830668783525
781.0    0.838933722702
782.0    0.821531465399
783.0    0.895296862055
784.0    0.947932421641
785.0    0.786052543197
786.0    0.8714041811
787.0    0.889106862694
788.0    0.877819964715
789.0    0.962548696852
790.0    0.935824390392
791.0    0.897447646024
792.0    0.904742002657
793.0    0.930701072057
794.0    0.882772816577
795.0    0.894255616328
796.0    0.928146216663
797.0    0.972837579194
798.0    0.912950169468
799.0    0.890760137004
800.0    0.946640728749
801.0    0.922463897502
802.0    0.839170761162
803.0    0.965267012521
804.0    0.962970855739
805.0    0.903767116672
806.0    0.925466859431
807.0    0.898424514924
808.0    0.940515093306
809.0    0.918588657171
810.0    0.9188691869
811.0    0.967460045233
812.0    0.961282970038
813.0    0.855295945768
814.0    0.853016558447
815.0    0.962098125705
816.0    0.928330169791
817.0    0.833157933804
818.0    0.899762934335
819.0    0.800934814625
820.0    0.745959610482
821.0    0.942845799995
822.0    0.912005868497
823.0    0.841281889459
824.0    0.703325983552
825.0    0.826323466594
826.0    0.728561094071
827.0    0.803578429307
828.0    0.864450828306
829.0    0.821530710954
830.0    0.876567534046
831.0    0.813215955801
832.0    0.846975426484
833.0    0.81378894707
834.0    0.840649046705
835.0    0.945402163609
836.0    0.880906879262
837.0    0.89375238256
838.0    0.939480059333
839.0    0.950264408199
840.0    0.864866189484
841.0    0.813362187311
842.0    0.885115452229
843.0    0.912018251659
844.0    0.887358009088
845.0    0.905677893558
846.0    0.895420444468
847.0    0.969393490039
848.0    0.833934503006
849.0    0.960708173021
850.0    0.86372114022
851.0    0.909284328383
852.0    0.936969854485
853.0    0.862869046801
854.0    0.85752314324
855.0    0.948328383676
856.0    0.81744795946
857.0    0.873631023144
858.0    0.888764470699
859.0    0.895568236406
860.0    0.840583752606
861.0    0.86132365097
862.0    0.919113689333
863.0    0.939555990403
864.0    0.932724341057
865.0    0.813327196674
866.0    0.856273690532
867.0    0.826019968767
868.0    0.941829430397
869.0    0.840691397631
870.0    0.941298705892
871.0    0.864270558612
872.0    0.737572842921
873.0    0.928362569169
874.0    0.909201233027
875.0    0.785475403702
876.0    0.871623353939
877.0    0.799598851487
878.0    0.767085447301
879.0    0.87916336612
880.0    0.972436076195
881.0    0.893713354039
882.0    0.801602761121
883.0    0.862907050333
884.0    0.948600118881
885.0    0.935821496909
886.0    0.893673256479
887.0    0.792115009651
888.0    0.766910040593
889.0    0.763625019894
890.0    0.895470904853
891.0    0.86552400895
892.0    0.924106793265
893.0    0.899203583559
894.0    0.805835452339
895.0    0.790606936252
896.0    0.93790501439
897.0    0.972518058321
898.0    0.884821409684
899.0    0.957748495789
900.0    0.893742876374
901.0    0.957802782892
902.0    0.952027820593
903.0    0.947645463414
904.0    0.825786099356
905.0    0.795587432435
906.0    0.858491694922
907.0    0.840022585839
908.0    0.950289759973
909.0    0.798051224022
910.0    0.848920491278
911.0    0.97698582859
912.0    0.951953081571
913.0    0.834337924158
914.0    0.903697725083
915.0    0.91474602348
916.0    0.96700318961
917.0    0.750250666333
918.0    0.873671735575
919.0    0.943692689775
920.0    0.787608605872
921.0    0.722906756134
922.0    0.890515431007
923.0    0.900718475348
924.0    0.930391003528
925.0    0.778711468902
926.0    0.917804431546
927.0    0.86336785123
928.0    0.839945917794
929.0    0.93492589384
930.0    0.854915195028
931.0    0.885052985145
932.0    0.858789208294
933.0    0.9085420858
934.0    0.838289294701
935.0    0.873538436191
936.0    0.903843738654
937.0    0.829687211316
938.0    0.858022439633
939.0    0.977393445382
940.0    0.853306443261
941.0    0.943085700916
942.0    0.947541775034
943.0    0.870747220309
944.0    0.86695387094
945.0    0.913660844826
946.0    0.849992431182
947.0    0.82444342716
948.0    0.931977498593
949.0    0.937694243125
950.0    0.931508116941
951.0    0.867821507107
952.0    0.877373828784
953.0    0.918854491409
954.0    0.891824864185
955.0    0.969179911198
956.0    0.90309924365
957.0    0.918599866819
958.0    0.860437097428
959.0    0.850939549524
960.0    0.890491220638
961.0    0.834353766133
962.0    0.936216712921
963.0    0.890804604721
964.0    0.946097825596
965.0    0.846699544914
966.0    0.933726823827
967.0    0.973099352807
968.0    0.926427725614
969.0    0.950111737912
970.0    0.967379192457
971.0    0.942925153304
972.0    0.923875095905
973.0    0.967526590257
974.0    0.872127165978
975.0    0.930784371397
976.0    0.897640719969
977.0    0.911191020685
978.0    0.942715793377
979.0    0.891982946397
980.0    0.844469940558
981.0    0.869616379689
982.0    0.923660830976
983.0    0.925991599996
984.0    0.935315476137
985.0    0.930784244453
986.0    0.861764453922
987.0    0.942292253201
988.0    0.944469183712
989.0    0.864043898596
990.0    0.873237319215
991.0    0.845753740113
992.0    0.824833294488
993.0    0.854779382439
994.0    0.897593029456
995.0    0.976270079419
996.0    0.911438506905
997.0    0.918569795366
998.0    0.911347344134
999.0    0.93438442115
1000.0    0.955970398351
1001.0    0.916118289867
1002.0    0.874145733888
1003.0    0.90804362572
1004.0    0.839421318442
1005.0    0.880776506289
1006.0    0.868997652361
1007.0    0.920881006337
1008.0    0.880881029835
1009.0    0.91552068622
1010.0    0.90837448581
1011.0    0.913293903661
1012.0    0.927432833167
1013.0    0.940395195361
1014.0    0.873556435338
1015.0    0.906285318906
1016.0    0.96576906789
1017.0    0.940187309575
1018.0    0.864585521931
1019.0    0.852895480478
1020.0    0.921230250964
1021.0    0.945028659663
1022.0    0.882275749606
1023.0    0.853280040954
1024.0    0.823584727281
1025.0    0.923567907519
1026.0    0.793842837131
1027.0    0.916608569994
1028.0    0.92639496121
1029.0    0.905833977443
1030.0    0.932897644368
1031.0    0.916255521584
1032.0    0.920881356625
1033.0    0.847542218833
1034.0    0.864173253903
1035.0    0.884058078745
1036.0    0.922097744712
1037.0    0.809543349583
1038.0    0.849133721165
1039.0    0.899302388642
1040.0    0.951680010469
1041.0    0.918086307162
1042.0    0.876876851825
1043.0    0.891883096894
1044.0    0.887633552795
1045.0    0.928230273081
1046.0    0.873245269928
1047.0    0.8481751362
1048.0    0.745560295032
1049.0    0.863511891032
1050.0    0.926582687231
1051.0    0.905360245342
1052.0    0.953682116929
1053.0    0.967555668884
1054.0    0.863808088085
1055.0    0.876140512911
1056.0    0.910474567991
1057.0    0.868432869825
1058.0    0.890127577397
1059.0    0.881791867241
1060.0    0.904297694024
1061.0    0.91271565157
1062.0    0.829505167821
1063.0    0.901079958927
1064.0    0.897463415876
1065.0    0.941166495067
1066.0    0.904726506394
1067.0    0.825839238694
1068.0    0.910995526789
1069.0    0.950871282708
1070.0    0.937362265763
1071.0    0.910254392654
1072.0    0.881401508973
1073.0    0.80829394098
1074.0    0.89053370457
1075.0    0.831213625074
1076.0    0.910399969673
1077.0    0.9236368902
1078.0    0.977299657848
1079.0    0.915118627807
1080.0    0.891986135238
1081.0    0.909535322195
1082.0    0.916983496572
1083.0    0.927596407736
1084.0    0.921433490544
1085.0    0.916856339213
1086.0    0.947001565984
1087.0    0.943572829126
1088.0    0.833594981288
1089.0    0.876941059032
1090.0    0.915567986135
1091.0    0.898701451332
1092.0    0.903890301085
1093.0    0.906171307843
1094.0    0.80825856538
1095.0    0.947113848548
1096.0    0.84154602084
1097.0    0.926566280487
1098.0    0.911005581867
1099.0    0.812458078699
1100.0    0.957764810705
1101.0    0.933829012966
1102.0    0.829918506137
1103.0    0.922785328985
1104.0    0.842146997079
1105.0    0.880163888763
1106.0    0.847203899618
1107.0    0.908387558271
1108.0    0.879347627836
1109.0    0.852271489401
1110.0    0.818362731663
1111.0    0.904311281052
1112.0    0.840576950471
1113.0    0.861602699304
1114.0    0.892983539159
1115.0    0.88523788768
1116.0    0.916740819135
1117.0    0.915655423005
1118.0    0.890853211434
1119.0    0.928112780964
1120.0    0.876130912442
1121.0    0.810561476225
1122.0    0.781766343531
1123.0    0.868025386628
1124.0    0.714467397165
1125.0    0.855267107886
1126.0    0.775981461671
1127.0    0.868785524462
1128.0    0.873831685922
1129.0    0.956823923847
1130.0    0.920210430253
1131.0    0.956652884074
1132.0    0.91543844805
1133.0    0.897784544856
1134.0    0.872672189906
1135.0    0.911473058205
1136.0    0.947968244687
1137.0    0.823353332273
1138.0    0.948263114113
1139.0    0.838073676411
1140.0    0.822395159645
1141.0    0.949801078154
1142.0    0.801697654265
1143.0    0.759787828698
1144.0    0.911568020683
1145.0    0.943631476404
1146.0    0.90893437251
1147.0    0.897317218464
1148.0    0.872756010453
1149.0    0.840134388558
1150.0    0.871799331505
1151.0    0.765299841552
1152.0    0.911774748333
1153.0    0.885240515765
1154.0    0.860585641835
1155.0    0.84494651028
1156.0    0.862877666492
1157.0    0.854418570026
1158.0    0.83708966487
1159.0    0.882871788229
1160.0    0.849962019648
1161.0    0.885371808036
1162.0    0.905644006693
1163.0    0.781122197784
1164.0    0.895080718805
1165.0    0.904074707423
1166.0    0.911632727913
1167.0    0.922218622187
1168.0    0.866710820711
1169.0    0.938376560488
1170.0    0.935582895824
1171.0    0.90263589193
1172.0    0.919056599802
1173.0    0.95764762662
1174.0    0.762982596531
1175.0    0.94193862466
1176.0    0.884667409174
1177.0    0.918079396701
1178.0    0.950506077757
1179.0    0.89353421635
1180.0    0.926508262389
1181.0    0.835802527418
1182.0    0.917844154928
1183.0    0.841695986298
1184.0    0.941694200815
1185.0    0.965909846352
1186.0    0.963323938366
1187.0    0.961737675095
1188.0    0.931539037678
1189.0    0.901499187501
1190.0    0.965403685291
1191.0    0.753078160302
1192.0    0.872030116526
1193.0    0.938266700889
1194.0    0.93611298703
1195.0    0.77871828152
1196.0    0.919194603533
1197.0    0.814609046541
1198.0    0.93693338752
1199.0    0.930913474485
1200.0    0.851773794322
1201.0    0.935340515597
1202.0    0.887296443191
1203.0    0.953789112018
1204.0    0.86130168592
1205.0    0.945708180554
1206.0    0.930707090599
1207.0    0.920318785887
1208.0    0.898895097136
1209.0    0.866773532907
1210.0    0.878629859867
1211.0    0.806540655681
1212.0    0.864265096598
1213.0    0.89418140749
1214.0    0.943170057759
1215.0    0.971492967106
1216.0    0.851763601168
1217.0    0.875933400232
1218.0    0.937522134836
1219.0    0.948962932056
1220.0    0.907740378101
1221.0    0.949492447837
1222.0    0.972817766012
1223.0    0.950928415068
1224.0    0.918334289347
1225.0    0.850877981409
1226.0    0.689951333388
1227.0    0.922256952108
1228.0    0.736537456637
1229.0    0.903930886246
1230.0    0.851559083311
1231.0    0.881929572107
1232.0    0.844425661775
1233.0    0.954997586596
1234.0    0.909058685525
1235.0    0.945815734949
1236.0    0.945678298675
1237.0    0.935069368055
1238.0    0.942994784557
1239.0    0.918815363891
1240.0    0.851226967392
1241.0    0.912126199576
1242.0    0.922639851
1243.0    0.97074156299
1244.0    0.941228300349
1245.0    0.877580925913
1246.0    0.952117573364
1247.0    0.810092372119
1248.0    0.774659838223
1249.0    0.823418530137
1250.0    0.911038566169
1251.0    0.935943584612
1252.0    0.901267849025
1253.0    0.908777569709
1254.0    0.97318818288
1255.0    0.971528450246
1256.0    0.820998250377
1257.0    0.926229226441
1258.0    0.919355265327
1259.0    0.960429985756
1260.0    0.954957243908
1261.0    0.929536566604
1262.0    0.931279466734
1263.0    0.907754225237
1264.0    0.878534948211
1265.0    0.887588019924
1266.0    0.742932269328
1267.0    0.862890653826
1268.0    0.948330638461
1269.0    0.8828417648
1270.0    0.904885032171
1271.0    0.818045757203
1272.0    0.929898550609
1273.0    0.962852071341
1274.0    0.832682778708
1275.0    0.897256881316
1276.0    0.892367240349
1277.0    0.945654322427
1278.0    0.864427174455
1279.0    0.960602880049
1280.0    0.88908861058
1281.0    0.88559836577
1282.0    0.94527335562
1283.0    0.924816986504
1284.0    0.797377457561
1285.0    0.81585291775
1286.0    0.89920751595
1287.0    0.822169695465
1288.0    0.870442326853
1289.0    0.904896724263
1290.0    0.906874729638
1291.0    0.922435271604
1292.0    0.916554373399
1293.0    0.870025444583
1294.0    0.879252274487
1295.0    0.956638414057
1296.0    0.919020688449
1297.0    0.741732115436
1298.0    0.898655639208
1299.0    0.819316527801
1300.0    0.846436124121
1301.0    0.838121368618
1302.0    0.84831025614
1303.0    0.912288737703
1304.0    0.876622792817
1305.0    0.90283104306
1306.0    0.875522047736
1307.0    0.836186028821
1308.0    0.92229759085
1309.0    0.9196484683
1310.0    0.874097681339
1311.0    0.836439679189
1312.0    0.919137031816
1313.0    0.866685475986
1314.0    0.813903093819
1315.0    0.898100492946
1316.0    0.894380663376
1317.0    0.91233652572
1318.0    0.911020279596
1319.0    0.834920531569
1320.0    0.921213431437
1321.0    0.839780938983
1322.0    0.895645761219
1323.0    0.935505491491
1324.0    0.920070135424
1325.0    0.961448771562
1326.0    0.851201294834
1327.0    0.904134420834
1328.0    0.909589300203
1329.0    0.900827550513
1330.0    0.816807651475
1331.0    0.906014071199
1332.0    0.896762530864
1333.0    0.89078133252
1334.0    0.912878264833
1335.0    0.896116575796
1336.0    0.904793144793
1337.0    0.878731302023
1338.0    0.934666341364
1339.0    0.925285033798
1340.0    0.859565085338
1341.0    0.924382926522
1342.0    0.872724870742
1343.0    0.868592342136
1344.0    0.860936776327
1345.0    0.904529852547
1346.0    0.808898870157
1347.0    0.955310961498
1348.0    0.909933619164
1349.0    0.905207629344
1350.0    0.837704253879
1351.0    0.924231540382
1352.0    0.93274912278
1353.0    0.876720968319
1354.0    0.771177984277
1355.0    0.881881527634
1356.0    0.854243986836
1357.0    0.900515795903
1358.0    0.926732001839
1359.0    0.897751133627
1360.0    0.890337012663
1361.0    0.863915473135
1362.0    0.916178337599
1363.0    0.897217177043
1364.0    0.934410755792
1365.0    0.864542798836
1366.0    0.901125844622
1367.0    0.877935337923
1368.0    0.853969225606
1369.0    0.800208231522
1370.0    0.897856215895
1371.0    0.928054285874
1372.0    0.846861370829
1373.0    0.94355014876
1374.0    0.932943690721
1375.0    0.889841025555
1376.0    0.881077508052
1377.0    0.952613397948
1378.0    0.800703318188
1379.0    0.927825082215
1380.0    0.962339803376
1381.0    0.938181879346
1382.0    0.792622947683
1383.0    0.805699637077
1384.0    0.883220246257
1385.0    0.889610206181
1386.0    0.941133061096
1387.0    0.861736005069
1388.0    0.934224326671
1389.0    0.921825101267
1390.0    0.949468968577
1391.0    0.890744780801
1392.0    0.924646180739
1393.0    0.908076469125
1394.0    0.917238212169
1395.0    0.981713209191
1396.0    0.906142569166
1397.0    0.935614255194
1398.0    0.952404212535
1399.0    0.877128174779
1400.0    0.826986818394
1401.0    0.857556114552
1402.0    0.858545792622
1403.0    0.859516210132
1404.0    0.854322237702
1405.0    0.976806469277
1406.0    0.943699338073
1407.0    0.950981717998
1408.0    0.956813006857
1409.0    0.932682006123
1410.0    0.947687778929
1411.0    0.94257710693
1412.0    0.844884304595
1413.0    0.947303145295
1414.0    0.869236074844
1415.0    0.915629188161
1416.0    0.896592928846
1417.0    0.925835240629
1418.0    0.856298434629
1419.0    0.912380304108
1420.0    0.795229364289
1421.0    0.965508904054
1422.0    0.856882875821
1423.0    0.862955018862
1424.0    0.836159035665
1425.0    0.830162322603
1426.0    0.875656786107
1427.0    0.877166259466
1428.0    0.822903227621
1429.0    0.906232593682
1430.0    0.885552160735
1431.0    0.940674398997
1432.0    0.971068461383
1433.0    0.930166969516
1434.0    0.950272738123
1435.0    0.77480969487
1436.0    0.927279711749
1437.0    0.903791261668
1438.0    0.830742620916
1439.0    0.824672812143
1440.0    0.900694526315
1441.0    0.931668324542
1442.0    0.911231734361
1443.0    0.953391010465
1444.0    0.867538153954
1445.0    0.915544806811
1446.0    0.950417442489
1447.0    0.921514592416
1448.0    0.905383500019
1449.0    0.950667902933
1450.0    0.90414430543
1451.0    0.935525776782
1452.0    0.927764725101
1453.0    0.906003249662
1454.0    0.947006232783
1455.0    0.970726872336
1456.0    0.935363435032
1457.0    0.944771777793
1458.0    0.952440958547
1459.0    0.966225531458
1460.0    0.952480565938
1461.0    0.978667875965
1462.0    0.917284850913
1463.0    0.923367852232
1464.0    0.914058118994
1465.0    0.968820602826
1466.0    0.934665259582
1467.0    0.919921083231
1468.0    0.941477888397
1469.0    0.930023931212
1470.0    0.903997355644
1471.0    0.973718277433
1472.0    0.949851534086
1473.0    0.94604035309
1474.0    0.901418900722
1475.0    0.916631148354
1476.0    0.912002579236
1477.0    0.911409651569
1478.0    0.961284265998
1479.0    0.951967948866
1480.0    0.902829533635
1481.0    0.904832039103
1482.0    0.889818051282
1483.0    0.865068880026
1484.0    0.942251382888
1485.0    0.958387368319
1486.0    0.910371045333
1487.0    0.716590924465
1488.0    0.890493185084
1489.0    0.918506422409
1490.0    0.938529097645
1491.0    0.930653271521
1492.0    0.944509900283
1493.0    0.920707648882
1494.0    0.885184377534
1495.0    0.946003831731
1496.0    0.898345513903
1497.0    0.90284449809
1498.0    0.944232409336
1499.0    0.93322533038
1500.0    0.955584426323
1501.0    0.887099236166
1502.0    0.976452850594
1503.0    0.906329057824
1504.0    0.916446665534
1505.0    0.938320295487
1506.0    0.903148901047
1507.0    0.819089185833
1508.0    0.866529986252
1509.0    0.93857157492
1510.0    0.921349304521
1511.0    0.909695961024
1512.0    0.919052739784
1513.0    0.961530846384
1514.0    0.937532578206
1515.0    0.749465954676
1516.0    0.934167541205
1517.0    0.860953203749
1518.0    0.950046259005
1519.0    0.976205941179
1520.0    0.917993074035
1521.0    0.90497846369
1522.0    0.945435424123
1523.0    0.907457930625
1524.0    0.840423075021
1525.0    0.890598683265
1526.0    0.94802708258
1527.0    0.954926898175
1528.0    0.878857624336
1529.0    0.903557989191
1530.0    0.927709012972
1531.0    0.960506076111
1532.0    0.968866320085
1533.0    0.888139547068
1534.0    0.935793468979
1535.0    0.936386508014
1536.0    0.890674145549
1537.0    0.942111201045
1538.0    0.848339673507
1539.0    0.90018636162
1540.0    0.977779016104
1541.0    0.961460123185
1542.0    0.895278243493
1543.0    0.934157255298
1544.0    0.925128537259
1545.0    0.935672888873
1546.0    0.916385688766
1547.0    0.939598053476
1548.0    0.951336339307
1549.0    0.96289923778
1550.0    0.902801156502
1551.0    0.874126476796
1552.0    0.940215350492
1553.0    0.837614003234
1554.0    0.945132862357
1555.0    0.974172256751
1556.0    0.956796859159
1557.0    0.978502633274
1558.0    0.943339380835
1559.0    0.909858442834
1560.0    0.919352295904
1561.0    0.956311385158
1562.0    0.892739042744
1563.0    0.888363461937
1564.0    0.833706998897
1565.0    0.965008886805
1566.0    0.911528938748
1567.0    0.88426337935
1568.0    0.894268783026
1569.0    0.912170928032
1570.0    0.956539465509
1571.0    0.974980444351
1572.0    0.957622707236
1573.0    0.90853302628
1574.0    0.958370509782
1575.0    0.907868280511
1576.0    0.891846682219
1577.0    0.921933924149
1578.0    0.924667717784
1579.0    0.968099666706
1580.0    0.942595867696
1581.0    0.911820750187
1582.0    0.928764489017
1583.0    0.912589769956
1584.0    0.942446392189
1585.0    0.944896331116
1586.0    0.907571686066
1587.0    0.923578559556
1588.0    0.928889055565
1589.0    0.968998183053
1590.0    0.971319874307
1591.0    0.899029283632
1592.0    0.860545776365
1593.0    0.968011318837
1594.0    0.760967604411
1595.0    0.896470851412
1596.0    0.900092309417
1597.0    0.942251996663
1598.0    0.989307524277
1599.0    0.893292912287
1600.0    0.861097317241
1601.0    0.903096713106
1602.0    0.950600823434
1603.0    0.931398006726
1604.0    0.920436750328
1605.0    0.966133989432
1606.0    0.933771522149
1607.0    0.961693191642
1608.0    0.825682784571
1609.0    0.97316345048
1610.0    0.913208835689
1611.0    0.907101032099
1612.0    0.952286938062
1613.0    0.957142465382
1614.0    0.959772611922
1615.0    0.907610686166
1616.0    0.870310125567
1617.0    0.935180001766
1618.0    0.927143003462
1619.0    0.935565226766
1620.0    0.963137632943
1621.0    0.93454225733
1622.0    0.956935565757
1623.0    0.920423905365
1624.0    0.97651836744
1625.0    0.802849868673
1626.0    0.753622150722
1627.0    0.791907944424
1628.0    0.835045311108
1629.0    0.811909544134
1630.0    0.867562755032
1631.0    0.894904762877
1632.0    0.641522684602
1633.0    0.897664488823
1634.0    0.881246972695
1635.0    0.826479229837
1636.0    0.834897737469
1637.0    0.629606373653
1638.0    0.822650106679
1639.0    0.864034641464
1640.0    0.731276586569
1641.0    0.847032298105
1642.0    0.840343615911
1643.0    0.691982140736
1644.0    0.737405956869
1645.0    0.810704345653
1646.0    0.807716637821
1647.0    0.948236756482
1648.0    0.931319958941
1649.0    0.859016742056
1650.0    0.959682300072
1651.0    0.887757797899
1652.0    0.883952224164
1653.0    0.837683131654
1654.0    0.923185588401
1655.0    0.884093684838
1656.0    0.779737528586
1657.0    0.761953192701
1658.0    0.893562444198
1659.0    0.765060860801
1660.0    0.743565626522
1661.0    0.903338872634
1662.0    0.922994715284
1663.0    0.870150252484
1664.0    0.936272860023
1665.0    0.813174695265
1666.0    0.826307285475
1667.0    0.892602638351
1668.0    0.750429748596
1669.0    0.90375408531
1670.0    0.759933999886
1671.0    0.835391561541
1672.0    0.942328962344
1673.0    0.783170339831
1674.0    0.664980762181
1675.0    0.903278977241
1676.0    0.921762263365
1677.0    0.827127102684
1678.0    0.867436632436
1679.0    0.783433630023
1680.0    0.923155490985
1681.0    0.898770490523
1682.0    0.830246353405
1683.0    0.936965904565
1684.0    0.883832893856
1685.0    0.723042672921
1686.0    0.880672476714
1687.0    0.739321591147
1688.0    0.770037953619
1689.0    0.904400721885
1690.0    0.920068786025
1691.0    0.884895392275
1692.0    0.527006924459
1693.0    0.960046742907
1694.0    0.857131299914
1695.0    0.84596881514
1696.0    0.872314428312
1697.0    0.797222848826
1698.0    0.644937155964
1699.0    0.915497358601
1700.0    0.652703198884
1701.0    0.907040536528
1702.0    0.865552129079
1703.0    0.900417675655
1704.0    0.735614452937
1705.0    0.705395146067
1706.0    0.751823827882
1707.0    0.908381983476
1708.0    0.87942017055
1709.0    0.886653473493
1710.0    0.657801629732
1711.0    0.670814032637
1712.0    0.865170512454
1713.0    0.952739963371
1714.0    0.924875241297
1715.0    0.910294836456
1716.0    0.939581202707
1717.0    0.880018035348
1718.0    0.85995421168
1719.0    0.853406871984
1720.0    0.914560829588
1721.0    0.915563658141
1722.0    0.905603267275
1723.0    0.863249646261
1724.0    0.828095661481
1725.0    0.928073726834
1726.0    0.91105890115
1727.0    0.843959155759
1728.0    0.858770578752
1729.0    0.884760900449
1730.0    0.79417376905
1731.0    0.72628365027
1732.0    0.733407619528
1733.0    0.712989112693
1734.0    0.855934267252
1735.0    0.826158481259
1736.0    0.697070374783
1737.0    0.760410151964
1738.0    0.925594362762
1739.0    0.837490793656
1740.0    0.87952883422
1741.0    0.818845678566
1742.0    0.790580649718
1743.0    0.879853039182
1744.0    0.691053939646
1745.0    0.6407738247
1746.0    0.810245067819
1747.0    0.967444508403
1748.0    0.910656926527
1749.0    0.914214075288
1750.0    0.781769981647
1751.0    0.862422245719
1752.0    0.877204224478
1753.0    0.770000866609
1754.0    0.891040352219
1755.0    0.928739225351
1756.0    0.827928917425
1757.0    0.890896548079
1758.0    0.910680100353
1759.0    0.875801295398
1760.0    0.859369039479
1761.0    0.706048370917
1762.0    0.785789092531
1763.0    0.563436544676
1764.0    0.550857773306
1765.0    0.797247163429
1766.0    0.790841452896
1767.0    0.706056267974
1768.0    0.735704657602
1769.0    0.717121736065
1770.0    0.703656004987
1771.0    0.850594170005
1772.0    0.750561349964
1773.0    0.848792676695
1774.0    0.835949090855
1775.0    0.662030317912
1776.0    0.678989897027
1777.0    0.758571451967
1778.0    0.690153579594
1779.0    0.492671570974
1780.0    0.955859025376
1781.0    0.831326781996
1782.0    0.672401599636
1783.0    0.819859887976
1784.0    0.851704672645
1785.0    0.909356896176
1786.0    0.695667978191
1787.0    0.784764260944
1788.0    0.842386994907
1789.0    0.838757482994
1790.0    0.896603745235
1791.0    0.869026412514
1792.0    0.943409493438
1793.0    0.943729077948
1794.0    0.851069856094
1795.0    0.927618278233
1796.0    0.901580810748
1797.0    0.847315060834
1798.0    0.923302163635
1799.0    0.880296084171
1800.0    0.820445661116
1801.0    0.731670516761
1802.0    0.952372165294
1803.0    0.884565519708
1804.0    0.800283735688
1805.0    0.837783419387
1806.0    0.899024382093
1807.0    0.742865483446
1808.0    0.91684095183
1809.0    0.924834815455
1810.0    0.9484502738
1811.0    0.848732364141
1812.0    0.960058674973
1813.0    0.897369135777
1814.0    0.925738177085
1815.0    0.941358587912
1816.0    0.9374726365
1817.0    0.965759430598
1818.0    0.972167239433
1819.0    0.899293938191
1820.0    0.906884986204
1821.0    0.966202942207
1822.0    0.90859033111
1823.0    0.929601756505
1824.0    0.94299449414
1825.0    0.849458129546
1826.0    0.922908039023
1827.0    0.950077233151
1828.0    0.921683563873
1829.0    0.938578407686
1830.0    0.925520596821
1831.0    0.838589394821
1832.0    0.958467508767
1833.0    0.971174274324
1834.0    0.931482937096
1835.0    0.955040111971
1836.0    0.812476714075
1837.0    0.918230761359
1838.0    0.957436668788
1839.0    0.762515582151
1840.0    0.919222729992
1841.0    0.849384710276
1842.0    0.862397718684
1843.0    0.863481467753
1844.0    0.949823439228
1845.0    0.936131597779
1846.0    0.798334352133
1847.0    0.89931237185
1848.0    0.903946177785
1849.0    0.919775670323
1850.0    0.923509113957
1851.0    0.913793029987
1852.0    0.941602357975
1853.0    0.919730675203
1854.0    0.937804438028
1855.0    0.898025250463
1856.0    0.944575841487
1857.0    0.90551313628
1858.0    0.869542418877
1859.0    0.843700273342
1860.0    0.887706352426
1861.0    0.976249131768
1862.0    0.880730419673
1863.0    0.909476293241
1864.0    0.953407201245
1865.0    0.937841459033
1866.0    0.925474651116
1867.0    0.938975908158
1868.0    0.932657031798
1869.0    0.900429478158
1870.0    0.923087940054
1871.0    0.87658542166
1872.0    0.965164057253
1873.0    0.855276161052
1874.0    0.947798245222
1875.0    0.879455149322
1876.0    0.894807028718
1877.0    0.844610942642
1878.0    0.947539497422
1879.0    0.906912703754
1880.0    0.9424862908
1881.0    0.791234606469
1882.0    0.906435461119
1883.0    0.896649272366
1884.0    0.931366122423
1885.0    0.966979018325
1886.0    0.918556946085
1887.0    0.917126131136
1888.0    0.882591463941
1889.0    0.953188301002
1890.0    0.944904370036
1891.0    0.915429913723
1892.0    0.923832970337
1893.0    0.802502828224
1894.0    0.929276538109
1895.0    0.879308396262
1896.0    0.958171897385
1897.0    0.944782715151
1898.0    0.940467136496
1899.0    0.930574208153
1900.0    0.885916016569
1901.0    0.633065159353
1902.0    0.834798347243
1903.0    0.903308868122
1904.0    0.804834195962
1905.0    0.784826489852
1906.0    0.914448589014
1907.0    0.924357191365
1908.0    0.948260239921
1909.0    0.940816120597
1910.0    0.954416068938
1911.0    0.897497205178
1912.0    0.899364179348
1913.0    0.914858920205
1914.0    0.87339172763
1915.0    0.962059203169
1916.0    0.89916854387
1917.0    0.855772695337
1918.0    0.840122682255
1919.0    0.889950521983
1920.0    0.92776744757
1921.0    0.898056895147
1922.0    0.966556292304
1923.0    0.831228581981
1924.0    0.91876307845
1925.0    0.882049121212
1926.0    0.886109626637
1927.0    0.941059199734
1928.0    0.857529213668
1929.0    0.854687798648
