2.0    0.328454081142
3.0    0.344400630791
4.0    0.169105879797
5.0    0.042230593923
6.0    0.0121510071622
7.0    0.352049100629
8.0    0.426757091961
9.0    0.171939158172
10.0    0.108751431794
11.0    0.116858841912
12.0    0.13123439859
13.0    0.147591098265
14.0    0.124101888844
15.0    0.161280579875
16.0    0.178276187574
17.0    0.0358200434221
18.0    0.190599107079
19.0    0.374465686466
20.0    0.116889508373
21.0    0.175025198806
22.0    0.0752722738185
23.0    0.520885132696
24.0    0.561218128693
25.0    0.608293932284
26.0    0.608721491258
27.0    0.66956537004
28.0    0.579120753274
29.0    0.400893371484
30.0    0.148511273859
31.0    0.128312318438
32.0    0.21218507591
33.0    0.193347610304
34.0    0.130836115657
35.0    0.28931643639
36.0    0.22341293795
37.0    0.291590890797
38.0    0.17976008247
39.0    0.195982499637
40.0    0.109945587791
41.0    0.136227127086
42.0    0.155860568152
43.0    0.102010135766
44.0    0.240041311102
45.0    0.229104797327
46.0    0.470146616607
47.0    0.240048421038
48.0    0.307404750181
49.0    0.0388891693955
50.0    0.280477249283
51.0    0.210794721302
52.0    0.246616085448
53.0    0.198207802298
54.0    0.249847501414
55.0    0.386316756425
56.0    0.331431772086
57.0    0.423405025395
58.0    0.456508648724
59.0    0.272400897475
60.0    0.377177483879
61.0    0.382595724114
62.0    0.514770110745
63.0    0.321492721205
64.0    0.114298592621
65.0    0.337286129242
66.0    0.302831469869
67.0    0.175158172395
68.0    0.109586361684
69.0    0.131182953931
70.0    0.374069628745
71.0    0.31116775829
72.0    0.390802846304
73.0    0.252727411875
74.0    0.0864546083204
75.0    0.222145303901
76.0    0.325320570051
77.0    0.398138097116
78.0    0.30782347472
79.0    0.270531643503
80.0    0.165593114258
81.0    0.372948738702
82.0    0.450647487747
83.0    0.338166894989
84.0    0.163586339193
85.0    0.30232948796
86.0    0.314097210461
87.0    0.579931848549
88.0    0.102802157138
89.0    0.304942560422
90.0    0.156804896753
91.0    0.0970819696872
92.0    0.125748742399
93.0    0.176903983847
94.0    0.230459106625
95.0    0.0672942467204
96.0    0.521670528083
97.0    0.124536403987
98.0    0.2783189813
99.0    0.219026902966
100.0    0.0739425059658
101.0    0.319278503754
102.0    0.295987712058
103.0    0.229088682026
104.0    0.184562085773
105.0    0.311599738794
106.0    0.231516946989
107.0    0.259645021998
108.0    0.479425772412
109.0    0.649868376177
110.0    0.101001988823
111.0    0.140879145675
112.0    0.351362352169
113.0    0.663465837419
114.0    0.532163232708
115.0    0.541053240294
116.0    0.0773608398755
117.0    0.454433249395
118.0    0.530611264574
119.0    0.232880170627
120.0    0.295763054202
121.0    0.433373806346
122.0    0.42576523361
123.0    0.304033513648
124.0    0.391854781791
125.0    0.265175792263
126.0    0.529568792072
127.0    0.279834895507
128.0    0.214788043448
129.0    0.407096224992
130.0    0.351725259504
131.0    0.570148113541
132.0    0.338148781487
133.0    0.363526772268
134.0    0.181942752292
135.0    0.329149442546
136.0    0.182966938579
137.0    0.141710189372
138.0    0.184796306763
139.0    0.0740220425227
140.0    0.380257725903
141.0    0.191525478265
142.0    0.0722496883102
143.0    0.172394565609
144.0    0.275426062064
145.0    0.245113975918
146.0    0.279332575705
147.0    0.309529782498
148.0    0.463453815849
149.0    0.254947514408
150.0    0.0567658114206
151.0    0.0897139443718
152.0    0.511858070631
153.0    0.404698300738
154.0    0.411249637452
155.0    0.267560477608
156.0    0.491885310596
157.0    0.422942817494
158.0    0.102877540888
159.0    0.13993798453
160.0    0.300461130324
161.0    0.267358156357
162.0    0.478755538648
163.0    0.262180988203
164.0    0.434415069943
165.0    0.3959770945
166.0    0.188231367468
167.0    0.341409260784
168.0    0.26738252318
169.0    0.159821480509
170.0    0.34719104106
171.0    0.389172632379
172.0    0.352022794692
173.0    0.369386794841
174.0    0.049438294997
175.0    0.525530261778
176.0    0.0661563967124
177.0    0.491334206492
178.0    0.104037223788
179.0    0.445786492384
180.0    0.0759033798512
181.0    0.271984251396
182.0    0.102748312884
183.0    0.398043783955
184.0    0.087995902204
185.0    0.0256128158151
186.0    0.110678898895
187.0    0.566562913976
188.0    0.353927307289
189.0    0.19390771292
190.0    0.532307765079
191.0    0.312243951466
192.0    0.19250983571
193.0    0.41397262386
194.0    0.456508688015
195.0    0.125939723566
196.0    0.205574153346
197.0    0.351445741306
198.0    0.365145619451
199.0    0.0978199476945
200.0    0.407994048593
201.0    0.356090457818
202.0    0.45090991388
203.0    0.529814775167
204.0    0.259155422931
205.0    0.138278864207
206.0    0.491182361436
207.0    0.156412237987
208.0    0.259022668891
209.0    0.201565765651
210.0    0.396070250548
211.0    0.468088435282
212.0    0.109665734247
213.0    0.115527108631
214.0    0.213311750911
215.0    0.234351138193
216.0    0.417625074185
217.0    0.359935104578
218.0    0.451916369448
219.0    0.368706383703
220.0    0.276962293045
221.0    0.117597444748
222.0    0.350820083696
223.0    0.537698008513
224.0    0.633923975694
225.0    0.676061662483
226.0    0.556130501265
227.0    0.631894504644
228.0    0.690549969048
229.0    0.473636627075
230.0    0.311287938126
231.0    0.403771806845
232.0    0.515382074061
233.0    0.328075146273
234.0    0.169389236038
235.0    0.455641033898
236.0    0.376083939212
237.0    0.0693424323045
238.0    0.210068687114
239.0    0.126989024016
240.0    0.308363298807
241.0    0.498065046058
242.0    0.181385229157
243.0    0.498972750275
244.0    0.394827242658
245.0    0.329444548957
246.0    0.221256733083
247.0    0.405178366717
248.0    0.261326523973
249.0    0.248183777119
250.0    0.601645086556
251.0    0.295660022044
252.0    0.591114669513
253.0    0.344028795376
254.0    0.459940569673
255.0    0.547533792903
256.0    0.495704776086
257.0    0.262279879915
258.0    0.394887864225
259.0    0.253773654679
260.0    0.251328078903
261.0    0.23335600948
262.0    0.322148624694
263.0    0.331924479539
264.0    0.466888213038
265.0    0.337729238862
266.0    0.452876421639
267.0    0.511420121113
268.0    0.48602987003
269.0    0.584256275407
270.0    0.505272537518
271.0    0.132255144913
272.0    0.396404495423
273.0    0.205011769845
274.0    0.143841907426
275.0    0.315655872982
276.0    0.318047937493
277.0    0.304548610919
278.0    0.141787074044
279.0    0.412404847653
280.0    0.443394564018
281.0    0.294733192008
282.0    0.212805224837
283.0    0.494524008306
284.0    0.0973287952438
285.0    0.370815919672
286.0    0.560689096244
287.0    0.476208630765
288.0    0.507368313606
289.0    0.460232210739
290.0    0.565701894725
291.0    0.387159178287
292.0    0.530421618735
293.0    0.459734681947
294.0    0.682145115122
295.0    0.625893497297
296.0    0.741422236953
297.0    0.307117847651
298.0    0.573468187054
299.0    0.623700594764
300.0    0.523646255296
301.0    0.254060677844
302.0    0.697532914169
303.0    0.448376026896
304.0    0.475009959461
305.0    0.352956731355
306.0    0.507045267467
307.0    0.557108205251
308.0    0.725465264375
309.0    0.729140202088
310.0    0.500593692069
311.0    0.833061653101
312.0    0.750716135378
313.0    0.35808657491
314.0    0.51671408082
315.0    0.556692251091
316.0    0.715739885453
317.0    0.384921338159
318.0    0.486482570619
319.0    0.562988753756
320.0    0.483045797252
321.0    0.330374058063
322.0    0.437391235368
323.0    0.694352813458
324.0    0.155164466881
325.0    0.211393151889
326.0    0.277312367242
327.0    0.429655807908
328.0    0.0699264334765
329.0    0.261617692697
330.0    0.0944025823499
331.0    0.657477206476
332.0    0.544343614984
333.0    0.166541615071
334.0    0.438373885127
335.0    0.440416329906
336.0    0.445161462415
337.0    0.471387535081
338.0    0.407478019474
339.0    0.22732803859
340.0    0.459667765531
341.0    0.592139116462
342.0    0.384858935006
343.0    0.351452952149
344.0    0.533275290404
345.0    0.30850115835
346.0    0.447444790631
347.0    0.165791567722
348.0    0.462481245898
349.0    0.404912159235
350.0    0.260714425032
351.0    0.122282334946
352.0    0.258977730964
353.0    0.357765240109
354.0    0.197251639687
355.0    0.451903977573
356.0    0.46567461202
357.0    0.629419354763
358.0    0.260693587608
359.0    0.445536612477
360.0    0.554145238255
361.0    0.400869380106
362.0    0.490029523677
363.0    0.520030376089
364.0    0.190078344661
365.0    0.641645225008
366.0    0.549161700874
367.0    0.583208764688
368.0    0.51190116424
369.0    0.417437908099
370.0    0.393120120661
371.0    0.348917088253
372.0    0.276423485503
373.0    0.518609734274
374.0    0.716495662574
375.0    0.145503961048
376.0    0.436238136757
377.0    0.239877722955
378.0    0.687793633564
379.0    0.386210062876
380.0    0.607856815878
381.0    0.583038288396
382.0    0.428418178837
383.0    0.471630975086
384.0    0.444700576248
385.0    0.432177096975
386.0    0.397889205207
387.0    0.624583042787
388.0    0.486275557731
389.0    0.641656788049
390.0    0.464049158095
391.0    0.459535563356
392.0    0.481025475256
393.0    0.38448854835
394.0    0.401590096834
395.0    0.556021255121
396.0    0.568744521044
397.0    0.493425098361
398.0    0.378970183143
399.0    0.700722087147
400.0    0.506834938588
401.0    0.43767758028
402.0    0.565337331268
403.0    0.670500207005
404.0    0.362906658395
405.0    0.471923911663
406.0    0.409808334982
407.0    0.299665794118
408.0    0.0530385380976
409.0    0.252396810166
410.0    0.263874474654
411.0    0.188384924658
412.0    0.302328969908
413.0    0.204826057515
414.0    0.24442047253
415.0    0.211682402781
416.0    0.461879685283
417.0    0.0809145286135
418.0    0.365048479259
419.0    0.0265939814078
420.0    0.148171960928
421.0    0.304589041568
422.0    0.259515157953
423.0    0.0408338286146
424.0    0.141895525811
425.0    0.258269861346
426.0    0.162625572049
427.0    0.584359762644
428.0    0.360816819579
429.0    0.376516179237
430.0    0.24890284631
431.0    0.37776391626
432.0    0.241227708352
433.0    0.232313769171
434.0    0.166387632375
435.0    0.260821683776
436.0    0.228169847035
437.0    0.469870266051
438.0    0.488490125789
439.0    0.0220109908728
440.0    0.295449138152
441.0    0.354324341842
442.0    0.380987164007
443.0    0.315469568128
444.0    0.455078062476
445.0    0.114697546276
446.0    0.412071321331
447.0    0.532434339873
448.0    0.377206399187
449.0    0.521572848927
450.0    0.562232463064
451.0    0.275567652925
452.0    0.321670944195
453.0    0.236656483563
454.0    0.379094726291
455.0    0.0268897979633
456.0    0.549046722998
457.0    0.202844530369
458.0    0.610787227018
459.0    0.223596113487
460.0    0.156383801827
461.0    0.548914429939
462.0    0.0253310720738
463.0    0.218910204975
464.0    0.330927906366
465.0    0.425393428027
466.0    0.478168911758
467.0    0.0548799964135
468.0    0.0512119705013
469.0    0.298666827352
470.0    0.366623705049
471.0    0.210163705278
472.0    0.158978710575
473.0    0.409090209149
474.0    0.267619405061
475.0    0.206091806306
476.0    0.32110100444
477.0    0.0638442615851
478.0    0.256447410804
479.0    0.394406628349
480.0    0.491619017561
481.0    0.669736488997
482.0    0.136501149093
483.0    0.644994238388
484.0    0.436110289331
485.0    0.325857278105
486.0    0.311606902603
487.0    0.167296790688
488.0    0.401869765496
489.0    0.488917652354
490.0    0.505098422666
491.0    0.429972848674
492.0    0.128975814642
493.0    0.291515877999
494.0    0.0715426681798
495.0    0.132335717543
496.0    0.456798746321
497.0    0.301581288464
498.0    0.481225254206
499.0    0.583924479084
500.0    0.0424858115217
501.0    0.0651191206507
502.0    0.171183605126
503.0    0.156071624125
504.0    0.240077671327
505.0    0.183320511732
506.0    0.0706993769853
507.0    0.147634741165
508.0    0.131220725572
509.0    0.132579748381
510.0    0.140667180742
511.0    0.44652030537
512.0    0.321254632614
513.0    0.3801293737
514.0    0.520376131359
515.0    0.390964587677
516.0    0.500196370654
517.0    0.1845306712
518.0    0.484142459193
519.0    0.353859217644
520.0    0.197412572061
521.0    0.408855442494
522.0    0.519371589154
523.0    0.581413592091
524.0    0.0387432746479
525.0    0.518565524008
526.0    0.173387583845
527.0    0.366761006954
528.0    0.599112250559
529.0    0.450316509876
530.0    0.656622223365
531.0    0.493216830698
532.0    0.205616487924
533.0    0.0472477544209
534.0    0.656817457823
535.0    0.0840917125847
536.0    0.160038899164
537.0    0.423294570363
538.0    0.0155378044462
539.0    0.284026232886
540.0    0.225680163278
541.0    0.283766109094
542.0    0.544323612206
543.0    0.393102120373
544.0    0.289975904656
545.0    0.34498657225
546.0    0.296748420369
547.0    0.321707939554
548.0    0.455740712275
549.0    0.484804579278
550.0    0.266239124693
551.0    0.381188160489
552.0    0.43302850552
553.0    0.611475536837
554.0    0.688543093685
555.0    0.520008313109
556.0    0.653822556111
557.0    0.423396158547
558.0    0.440910607166
559.0    0.690467525915
560.0    0.41188655313
561.0    0.700715167921
562.0    0.596630420521
563.0    0.47190304852
564.0    0.624456716833
565.0    0.812578008809
566.0    0.556613060581
567.0    0.36661157077
568.0    0.355855957515
569.0    0.493480686401
570.0    0.375056322568
571.0    0.661098103157
572.0    0.72544302427
573.0    0.686156019567
574.0    0.428092265707
575.0    0.452267555387
576.0    0.510191748562
577.0    0.319698286784
578.0    0.725043295596
579.0    0.486284268686
580.0    0.622466926307
581.0    0.698120677038
582.0    0.509197152826
583.0    0.618917697577
584.0    0.62585567315
585.0    0.581865451953
586.0    0.650936829213
587.0    0.589851792759
588.0    0.359117767455
589.0    0.74697971619
590.0    0.817591605255
591.0    0.83521606534
592.0    0.653534597968
593.0    0.738987311552
594.0    0.574284628703
595.0    0.785541831643
596.0    0.439643726248
597.0    0.684127471422
598.0    0.697944401105
599.0    0.773232797586
600.0    0.475380735282
601.0    0.302815619158
602.0    0.518217111716
603.0    0.555374696327
604.0    0.603065673133
605.0    0.603286479321
606.0    0.134947586549
607.0    0.333780373079
608.0    0.412194450245
609.0    0.553655396291
610.0    0.683918932759
611.0    0.465904539865
612.0    0.683414289066
613.0    0.592659416408
614.0    0.515188178215
615.0    0.623153122676
616.0    0.420948081225
617.0    0.633611874638
618.0    0.41451545713
619.0    0.637673847239
620.0    0.511525089838
621.0    0.568309193402
622.0    0.632361923009
623.0    0.692121038846
624.0    0.71026676983
625.0    0.827530950365
626.0    0.514698122458
627.0    0.550228426398
628.0    0.483620181244
629.0    0.605423514991
630.0    0.620509816712
631.0    0.552019969456
632.0    0.462703757932
633.0    0.726429217882
634.0    0.69234639355
635.0    0.486527141232
636.0    0.59570934778
637.0    0.600178445137
638.0    0.597627161439
639.0    0.646522731314
640.0    0.842775023605
641.0    0.617175847903
642.0    0.403476376808
643.0    0.660535979317
644.0    0.5023482969
645.0    0.645405837192
646.0    0.694052118424
647.0    0.475265760108
648.0    0.597833353534
649.0    0.708062641133
650.0    0.701667164528
651.0    0.454574685391
652.0    0.482785186349
653.0    0.717610245833
654.0    0.714238460343
655.0    0.564178370358
656.0    0.7412300428
657.0    0.558527372401
658.0    0.69906621264
659.0    0.773340482943
660.0    0.668423770429
661.0    0.744626017281
662.0    0.79076348381
663.0    0.517954497581
664.0    0.427834224705
665.0    0.469186692397
666.0    0.409845054002
667.0    0.421377469169
668.0    0.504164161385
669.0    0.524782634682
670.0    0.596084047554
671.0    0.608974148653
672.0    0.446044167401
673.0    0.533066515735
674.0    0.454620456438
675.0    0.529943683028
676.0    0.55392574212
677.0    0.498342489106
678.0    0.377615751507
679.0    0.509590773177
680.0    0.5338933138
681.0    0.467457872359
682.0    0.578887093175
683.0    0.493753180077
684.0    0.690259167665
685.0    0.832690208118
686.0    0.604612244778
687.0    0.583381654508
688.0    0.34047898636
689.0    0.672909913438
690.0    0.854810672019
691.0    0.711061749042
692.0    0.548838624689
693.0    0.680281209441
694.0    0.610219960487
695.0    0.808298155329
696.0    0.686990917565
697.0    0.527733523368
698.0    0.539469849379
699.0    0.646010220266
700.0    0.555058886563
701.0    0.602796305789
702.0    0.733756058487
703.0    0.790194616646
704.0    0.641216204015
705.0    0.745047519213
706.0    0.515221300205
707.0    0.818033233699
708.0    0.831221804571
709.0    0.934334571406
710.0    0.925788891812
711.0    0.740268067602
712.0    0.569195575649
713.0    0.768765141537
714.0    0.691917218543
715.0    0.814460704466
716.0    0.62215370532
717.0    0.813288830041
718.0    0.887102477605
719.0    0.285433619554
720.0    0.806760818728
721.0    0.817713284976
722.0    0.520451372392
723.0    0.470583469756
724.0    0.845970352246
725.0    0.768090079958
726.0    0.491811443109
727.0    0.665125394877
728.0    0.362768741469
729.0    0.395331228837
730.0    0.258728350874
731.0    0.506249733988
732.0    0.402489198777
733.0    0.488016302054
734.0    0.437309489851
735.0    0.742301838641
736.0    0.652734167409
737.0    0.771979271267
738.0    0.649482540388
739.0    0.668200717119
740.0    0.397916492721
741.0    0.668774810158
742.0    0.687934578816
743.0    0.245793830503
744.0    0.735518881239
745.0    0.830999429945
746.0    0.704446290008
747.0    0.637548152685
748.0    0.573691353537
749.0    0.431601816492
750.0    0.809432248912
751.0    0.511060944266
752.0    0.575250062309
753.0    0.285901699525
754.0    0.388270687715
755.0    0.382794339052
756.0    0.485767568501
757.0    0.62527944711
758.0    0.502392319072
759.0    0.665014018022
760.0    0.735447641876
761.0    0.480006483455
762.0    0.793674613356
763.0    0.623203629378
764.0    0.366360897706
765.0    0.827852428717
766.0    0.185297236369
767.0    0.684253714872
768.0    0.750172804172
769.0    0.588436167601
770.0    0.29319852735
771.0    0.751302136981
772.0    0.491715361797
773.0    0.22594818937
774.0    0.668573984629
775.0    0.52894572615
776.0    0.226293545946
777.0    0.683861213022
778.0    0.628427927182
779.0    0.31460059074
780.0    0.613294362856
781.0    0.573437359256
782.0    0.625563415998
783.0    0.515824818289
784.0    0.692963442746
785.0    0.619812792161
786.0    0.952288297205
787.0    0.633972654762
788.0    0.77901238246
789.0    0.884313335218
790.0    0.570722794457
791.0    0.675526085678
792.0    0.626739915817
793.0    0.481040164037
794.0    0.612376989242
795.0    0.609026308026
796.0    0.584511797865
797.0    0.167311073359
798.0    0.694778914561
799.0    0.637656579825
800.0    0.837946478463
801.0    0.318137116645
802.0    0.158179201643
803.0    0.32362974146
804.0    0.524251185966
805.0    0.719695093804
806.0    0.6797706821
807.0    0.285976424293
808.0    0.675910168652
809.0    0.372762212861
810.0    0.595194814986
811.0    0.599282474358
812.0    0.715248871983
813.0    0.702932698914
814.0    0.839704570858
815.0    0.526553298164
816.0    0.630913726216
817.0    0.767865492584
818.0    0.68453395643
819.0    0.520930397481
820.0    0.77678901916
821.0    0.871737937525
822.0    0.688195119167
823.0    0.817523128729
824.0    0.52068239718
825.0    0.895915935393
826.0    0.659337865202
827.0    0.535608242769
828.0    0.629631662896
829.0    0.602022642382
830.0    0.699519451262
831.0    0.69755543317
832.0    0.611928590141
833.0    0.750445488754
834.0    0.432629825491
835.0    0.317076577308
836.0    0.441760407035
837.0    0.277994945604
838.0    0.593241573975
839.0    0.668823605597
840.0    0.434117754364
841.0    0.715246917194
842.0    0.353593768833
843.0    0.583739395132
844.0    0.594300467228
845.0    0.643307748497
846.0    0.407665270446
847.0    0.657196712893
848.0    0.790581109659
849.0    0.786152065603
850.0    0.637027469407
851.0    0.696919511435
852.0    0.47626524937
853.0    0.711778830655
854.0    0.486617206202
855.0    0.447335000065
856.0    0.598399903367
857.0    0.509997542896
858.0    0.287585343303
859.0    0.725251211464
860.0    0.507363727066
861.0    0.776750614179
862.0    0.760628196884
863.0    0.724861142212
864.0    0.651887069695
865.0    0.79257773387
866.0    0.751258457353
867.0    0.647383687797
868.0    0.523947016956
869.0    0.547339871986
870.0    0.765828328313
871.0    0.39386058568
872.0    0.733980219799
873.0    0.508687458328
874.0    0.267910369102
875.0    0.7250817604
876.0    0.532070852326
877.0    0.76472048529
878.0    0.619829470557
879.0    0.454408556645
880.0    0.640799461227
881.0    0.626028307151
882.0    0.664365045873
883.0    0.622313231345
884.0    0.534267104013
885.0    0.740852786882
886.0    0.61645529869
887.0    0.851515949594
888.0    0.662213509193
889.0    0.607068855856
890.0    0.718885479379
891.0    0.606221935301
892.0    0.717372735271
893.0    0.846005391836
894.0    0.761359272328
895.0    0.838311392838
896.0    0.673910931332
897.0    0.694767751604
898.0    0.487378827109
899.0    0.349610478794
900.0    0.383913091296
901.0    0.511656638051
902.0    0.6865332437
903.0    0.357625106242
904.0    0.776932988525
905.0    0.74357100655
906.0    0.911223400469
907.0    0.83763362857
908.0    0.573292775974
909.0    0.841228064496
910.0    0.589068411049
911.0    0.799962140318
912.0    0.692150226711
913.0    0.815939636204
914.0    0.514662642274
915.0    0.858137015239
916.0    0.466081649137
917.0    0.726289542802
918.0    0.759585491791
919.0    0.817652459823
920.0    0.893943018672
921.0    0.761452420471
922.0    0.710869715582
923.0    0.431069097816
924.0    0.522755150612
925.0    0.856238472481
926.0    0.523751588593
927.0    0.86465301284
928.0    0.602274563
929.0    0.573332926168
930.0    0.793272472245
931.0    0.421298218679
932.0    0.889978031004
933.0    0.48239705911
934.0    0.790007399496
935.0    0.553003930516
936.0    0.825876801861
937.0    0.5417209548
938.0    0.404060996233
939.0    0.793923398702
940.0    0.690847933129
941.0    0.552997839868
942.0    0.79471133221
943.0    0.593169778676
944.0    0.827863707478
945.0    0.751766305871
946.0    0.789042173292
947.0    0.690680524094
948.0    0.73967637778
949.0    0.739456484352
950.0    0.683079113795
951.0    0.753191749712
952.0    0.695825262999
953.0    0.832070653511
954.0    0.809567833933
955.0    0.743138697843
956.0    0.812237371853
957.0    0.665704991824
958.0    0.715254940927
959.0    0.785957293519
960.0    0.924112704768
961.0    0.786336455385
962.0    0.820551279874
963.0    0.659776085265
964.0    0.89351478628
965.0    0.573223649917
966.0    0.729288502499
967.0    0.559501279269
968.0    0.612433798611
969.0    0.708151137315
970.0    0.749390814311
971.0    0.745010698945
972.0    0.514229720654
973.0    0.768281910445
974.0    0.429742809952
975.0    0.396618511406
976.0    0.719281274176
977.0    0.706544542196
978.0    0.608912635399
979.0    0.427072196007
980.0    0.883061396148
981.0    0.554178285966
982.0    0.58816848939
983.0    0.804941614876
984.0    0.815702583315
985.0    0.833221548476
986.0    0.806012178917
987.0    0.644781376941
988.0    0.625734529606
989.0    0.667662362203
990.0    0.799342688747
991.0    0.842946355151
992.0    0.709951312091
993.0    0.805847720212
994.0    0.865175881252
995.0    0.641671111627
996.0    0.803197254475
997.0    0.743918740358
998.0    0.899339192985
999.0    0.861471237155
1000.0    0.654748139479
1001.0    0.540345347875
1002.0    0.795960507775
1003.0    0.82723301859
1004.0    0.857448983205
1005.0    0.770457451731
1006.0    0.633042765244
1007.0    0.864485291788
1008.0    0.405167526188
1009.0    0.573621751221
1010.0    0.833243166316
1011.0    0.492287943522
1012.0    0.384965682072
1013.0    0.573550718786
1014.0    0.672565707517
1015.0    0.675749587406
1016.0    0.706306925057
1017.0    0.630043521874
1018.0    0.683223092546
1019.0    0.860588863375
1020.0    0.622723288571
1021.0    0.753146178203
1022.0    0.377606797505
1023.0    0.598711106472
1024.0    0.557178540536
1025.0    0.399117844919
1026.0    0.836740096653
1027.0    0.640575919452
1028.0    0.812130382377
1029.0    0.616397676381
1030.0    0.44672990384
1031.0    0.573604321427
1032.0    0.649038359066
1033.0    0.561966875351
1034.0    0.399843955235
1035.0    0.766310733661
1036.0    0.672288245866
1037.0    0.857212966062
1038.0    0.809960796578
1039.0    0.521571520128
1040.0    0.62409474054
1041.0    0.698341388732
1042.0    0.733367764363
1043.0    0.486434047598
1044.0    0.751023732934
1045.0    0.605426362039
1046.0    0.775948861967
1047.0    0.832386375839
1048.0    0.868592749979
1049.0    0.901291006821
1050.0    0.757787958828
1051.0    0.755733183196
1052.0    0.825446268651
1053.0    0.451734882453
1054.0    0.658468461671
1055.0    0.571792718083
1056.0    0.512774553878
1057.0    0.561656128512
1058.0    0.701807446424
1059.0    0.751806089772
1060.0    0.566248854674
1061.0    0.74636047132
1062.0    0.719314356077
1063.0    0.790741069124
1064.0    0.436449665186
1065.0    0.397242706729
1066.0    0.609904640082
1067.0    0.432284004473
1068.0    0.637548808275
1069.0    0.774107579268
1070.0    0.6993543538
1071.0    0.548964120948
1072.0    0.651185056363
1073.0    0.605807863371
1074.0    0.693520388405
1075.0    0.548480548673
1076.0    0.575806868064
1077.0    0.750636104668
1078.0    0.635831603658
1079.0    0.488260720855
1080.0    0.629710304911
1081.0    0.715228942188
1082.0    0.79160622963
1083.0    0.865473981866
1084.0    0.859313810895
1085.0    0.820023693248
1086.0    0.630902405422
1087.0    0.704295544958
1088.0    0.893655514419
1089.0    0.562034661012
1090.0    0.567354395863
1091.0    0.606200728915
1092.0    0.66163645497
1093.0    0.647166428555
1094.0    0.77557427207
1095.0    0.735200037095
1096.0    0.574335521119
1097.0    0.578899905812
1098.0    0.820584427674
1099.0    0.781706989925
1100.0    0.460871436576
1101.0    0.904789765099
1102.0    0.833367018454
1103.0    0.876250215264
1104.0    0.463291629546
1105.0    0.409682150837
1106.0    0.842132273652
1107.0    0.588003443967
1108.0    0.846700479199
1109.0    0.770671798469
1110.0    0.733717258328
1111.0    0.785918262664
1112.0    0.8091392419
1113.0    0.599840323489
1114.0    0.533348316581
1115.0    0.625287720255
1116.0    0.373965497525
1117.0    0.597758258125
1118.0    0.812428885095
1119.0    0.831503490097
1120.0    0.420219378162
1121.0    0.422603225206
1122.0    0.362584613548
1123.0    0.414709336331
1124.0    0.814339692737
1125.0    0.718820406531
1126.0    0.790146484241
1127.0    0.735133663978
1128.0    0.785220319546
1129.0    0.667502870044
1130.0    0.714773301293
1131.0    0.775948692792
1132.0    0.896916444653
1133.0    0.859202963036
1134.0    0.879944011175
1135.0    0.736105250244
1136.0    0.563956324316
1137.0    0.512934975093
1138.0    0.808120779086
1139.0    0.647967229306
1140.0    0.817535954742
1141.0    0.787615734507
1142.0    0.475029057762
1143.0    0.547901525277
1144.0    0.791418469413
1145.0    0.474771547058
1146.0    0.489631111386
1147.0    0.885357554736
1148.0    0.774705199805
1149.0    0.687860927377
1150.0    0.634309481087
1151.0    0.596239493693
1152.0    0.75782099415
1153.0    0.378288345785
1154.0    0.891679943258
1155.0    0.681680242495
1156.0    0.567299898603
1157.0    0.837808510036
1158.0    0.616847783257
1159.0    0.858188686249
1160.0    0.477308202963
1161.0    0.313242655444
1162.0    0.36951266562
1163.0    0.823653439938
1164.0    0.794985589872
1165.0    0.78409168506
1166.0    0.880147361468
1167.0    0.791381772296
1168.0    0.681648249751
1169.0    0.60075103137
1170.0    0.815448841539
1171.0    0.0195000487298
1172.0    0.33738545883
1173.0    0.496283898727
1174.0    0.702683036735
1175.0    0.549889178523
1176.0    0.540784577381
1177.0    0.659476847934
1178.0    0.580853343309
1179.0    0.75033357575
1180.0    0.785374416867
1181.0    0.646857800296
1182.0    0.65856784834
1183.0    0.812627897759
1184.0    0.462507397265
1185.0    0.306545829663
1186.0    0.683473007931
1187.0    0.486207873067
1188.0    0.638200840863
1189.0    0.627795028852
1190.0    0.816808627052
1191.0    0.778425318028
1192.0    0.578224519091
1193.0    0.577348066135
1194.0    0.613566363417
1195.0    0.884346890263
1196.0    0.852923380051
1197.0    0.751915927137
1198.0    0.734533713681
1199.0    0.466296780855
1200.0    0.421736918923
1201.0    0.592615423307
1202.0    0.552857346976
1203.0    0.503487271916
1204.0    0.677311273328
1205.0    0.764540782153
1206.0    0.738382036904
1207.0    0.536486049986
1208.0    0.357828887724
1209.0    0.378424125043
1210.0    0.392450405139
1211.0    0.215819483374
1212.0    0.353012264295
1213.0    0.415167838661
1214.0    0.274436324972
1215.0    0.239373416422
1216.0    0.479383183841
1217.0    0.384426081714
1218.0    0.550838910486
1219.0    0.301440377542
1220.0    0.548533885829
1221.0    0.579562249893
1222.0    0.584269748137
1223.0    0.660821308573
1224.0    0.510404858964
1225.0    0.489981933445
1226.0    0.416388642041
1227.0    0.368842664936
1228.0    0.531682610243
1229.0    0.656152107963
1230.0    0.412628343292
1231.0    0.491187210998
1232.0    0.543234385937
1233.0    0.496675949863
1234.0    0.530632198243
1235.0    0.476753360403
1236.0    0.668568727901
1237.0    0.617995409653
1238.0    0.464767847885
1239.0    0.623887795679
1240.0    0.712929946106
1241.0    0.781976267764
1242.0    0.686522933386
1243.0    0.674541738718
1244.0    0.448844774623
1245.0    0.574872495092
1246.0    0.740655329363
1247.0    0.738627712754
1248.0    0.429239989794
1249.0    0.649545965139
1250.0    0.745434053374
1251.0    0.734183574795
1252.0    0.644200567026
1253.0    0.881966188263
1254.0    0.487901664004
1255.0    0.925133017044
1256.0    0.870842449479
1257.0    0.813365787629
1258.0    0.857439048575
1259.0    0.903200305158
1260.0    0.624648352442
1261.0    0.670359124505
1262.0    0.831080994553
1263.0    0.702963266236
1264.0    0.601624763873
1265.0    0.866276094936
1266.0    0.852799187352
1267.0    0.580052338796
1268.0    0.617532874295
1269.0    0.69136401705
1270.0    0.780849309275
1271.0    0.648326514182
1272.0    0.882564737861
1273.0    0.891561260072
1274.0    0.824373396043
1275.0    0.732347000501
1276.0    0.836354159829
1277.0    0.660508364813
1278.0    0.763178852071
1279.0    0.653402533926
1280.0    0.621010904977
1281.0    0.9382032248
1282.0    0.957907362244
1283.0    0.881519842571
1284.0    0.790217848154
1285.0    0.76780588449
1286.0    0.837034029852
1287.0    0.849523177567
1288.0    0.191599442965
1289.0    0.773746860198
1290.0    0.877070204768
1291.0    0.861269083841
1292.0    0.756208665237
1293.0    0.813367071162
1294.0    0.67257088848
1295.0    0.884988310691
1296.0    0.82655303652
1297.0    0.723648298699
1298.0    0.833833316959
1299.0    0.92104200831
1300.0    0.833844308525
1301.0    0.903268602059
1302.0    0.868336694978
1303.0    0.797071219283
1304.0    0.798175900447
1305.0    0.859246378316
1306.0    0.706908719486
1307.0    0.847928800436
1308.0    0.678007418241
1309.0    0.753004451149
1310.0    0.326387083076
1311.0    0.470907315705
1312.0    0.59663441542
1313.0    0.923341994393
1314.0    0.737171355766
1315.0    0.670361928208
1316.0    0.640199460371
1317.0    0.782143685815
1318.0    0.906289011101
1319.0    0.750705540835
1320.0    0.408931436143
1321.0    0.710166796825
1322.0    0.830925568627
1323.0    0.626127501927
1324.0    0.683117173894
1325.0    0.755317298258
1326.0    0.709974988815
1327.0    0.792267964487
1328.0    0.745249827462
1329.0    0.505154357669
1330.0    0.686040512736
1331.0    0.745998576672
1332.0    0.91356396446
1333.0    0.547858538986
1334.0    0.450822589342
1335.0    0.529111272435
1336.0    0.609243830318
1337.0    0.571163552917
1338.0    0.625654194787
1339.0    0.731688491668
1340.0    0.812583121592
1341.0    0.520505067375
1342.0    0.608718070463
1343.0    0.624752893834
1344.0    0.53611412254
1345.0    0.861938182164
1346.0    0.405177083845
1347.0    0.622150465953
1348.0    0.519269620857
1349.0    0.635231713329
1350.0    0.780820343569
1351.0    0.822522447001
1352.0    0.55382403569
1353.0    0.776343534061
1354.0    0.491443911643
1355.0    0.861869517776
1356.0    0.60338337074
1357.0    0.751640878218
1358.0    0.822114467117
1359.0    0.571946644861
1360.0    0.753316116433
1361.0    0.912606272091
1362.0    0.479642080471
1363.0    0.434777590175
1364.0    0.702438806703
1365.0    0.859207138772
1366.0    0.690882015427
1367.0    0.61425823713
1368.0    0.315045986154
1369.0    0.810662052324
1370.0    0.717214191007
1371.0    0.561964491654
1372.0    0.608483682994
1373.0    0.43668305892
1374.0    0.803491127182
1375.0    0.567210899982
1376.0    0.853071078894
1377.0    0.637150230601
1378.0    0.620660329846
1379.0    0.794424944906
1380.0    0.632163091402
1381.0    0.590254021919
1382.0    0.631845644895
1383.0    0.705682694304
1384.0    0.688279579198
1385.0    0.608938525078
1386.0    0.651326483054
1387.0    0.645530918612
1388.0    0.69086522118
1389.0    0.715135864827
1390.0    0.873430101549
1391.0    0.640864304403
1392.0    0.832368923918
1393.0    0.738149302081
1394.0    0.661266144383
1395.0    0.87211630984
1396.0    0.503275356477
1397.0    0.81399393138
1398.0    0.550205785164
1399.0    0.398113828321
1400.0    0.803058197802
1401.0    0.720836867848
1402.0    0.802119515249
1403.0    0.790910693975
1404.0    0.467708431529
1405.0    0.787131469032
1406.0    0.80534255962
1407.0    0.748049936322
1408.0    0.511788809411
1409.0    0.89436900678
1410.0    0.811706812537
1411.0    0.793579746689
1412.0    0.808160291533
1413.0    0.540258006468
1414.0    0.577601245397
1415.0    0.875685311705
1416.0    0.92162546802
1417.0    0.775101444225
1418.0    0.814416332605
1419.0    0.716407775132
1420.0    0.65873876807
1421.0    0.834983716067
1422.0    0.737287159213
1423.0    0.845060650619
1424.0    0.510063722394
1425.0    0.74742938881
1426.0    0.335394713543
1427.0    0.941017638371
1428.0    0.550271191067
1429.0    0.794650052639
1430.0    0.805715779187
1431.0    0.820617807629
1432.0    0.870948559793
1433.0    0.451718602669
1434.0    0.841643233189
1435.0    0.764315205843
1436.0    0.808342853167
1437.0    0.854129374987
1438.0    0.927687304504
1439.0    0.633712499795
1440.0    0.878270102534
1441.0    0.641199847074
1442.0    0.903368951229
1443.0    0.689974583092
1444.0    0.68088742564
1445.0    0.704106448275
1446.0    0.840161337824
1447.0    0.836476239921
1448.0    0.766598895379
1449.0    0.856151656651
1450.0    0.823371567533
1451.0    0.854508617297
1452.0    0.768428537922
1453.0    0.587854567685
1454.0    0.823333515369
1455.0    0.66748532136
1456.0    0.413260509
1457.0    0.429737488666
1458.0    0.770180694323
1459.0    0.662336288438
1460.0    0.833101032021
1461.0    0.790017388326
1462.0    0.529750148769
1463.0    0.710111975524
1464.0    0.53786927823
1465.0    0.7928611585
1466.0    0.745642381154
1467.0    0.729925190472
1468.0    0.916118688036
1469.0    0.475020461717
1470.0    0.80534492014
1471.0    0.387246215831
1472.0    0.604525561087
1473.0    0.754853938806
1474.0    0.645913128251
1475.0    0.782034977457
1476.0    0.782474859704
1477.0    0.620613449455
1478.0    0.621004350866
1479.0    0.713397970318
1480.0    0.813961427783
1481.0    0.532914929027
1482.0    0.759920916005
1483.0    0.670630377002
1484.0    0.757804405512
1485.0    0.805319846132
1486.0    0.636628266291
1487.0    0.733464482169
1488.0    0.903734158049
1489.0    0.911539206756
1490.0    0.631747892697
1491.0    0.954881008998
1492.0    0.880403771877
1493.0    0.750047659668
1494.0    0.955039498879
1495.0    0.651700705756
1496.0    0.864471402238
1497.0    0.949654991475
1498.0    0.692221245724
1499.0    0.456524827975
1500.0    0.894866317778
1501.0    0.829031880367
1502.0    0.963362816831
1503.0    0.940533051876
1504.0    0.704394683312
1505.0    0.95270637078
1506.0    0.91310906754
1507.0    0.827309639541
1508.0    0.90566854728
1509.0    0.544076948058
1510.0    0.923529170376
1511.0    0.844527888648
1512.0    0.857754725944
1513.0    0.595218945548
1514.0    0.843281203943
1515.0    0.746102999332
1516.0    0.884568448567
1517.0    0.800938392451
1518.0    0.509500286156
1519.0    0.683264895514
1520.0    0.916065786973
1521.0    0.930629729
1522.0    0.912673703406
1523.0    0.867387300176
1524.0    0.84099967527
1525.0    0.923881823672
1526.0    0.923474569893
1527.0    0.402536256048
1528.0    0.337800219958
1529.0    0.604529428026
1530.0    0.818524119289
1531.0    0.49609166128
1532.0    0.541658796419
1533.0    0.700243964742
1534.0    0.741469969986
1535.0    0.843022891103
1536.0    0.800610669396
1537.0    0.603085302119
1538.0    0.765875157296
1539.0    0.839642993782
1540.0    0.820037541994
1541.0    0.674691634929
1542.0    0.92368815548
1543.0    0.62043359113
1544.0    0.856304492275
1545.0    0.761454596935
1546.0    0.600884840581
1547.0    0.722559952178
1548.0    0.723067026104
1549.0    0.879571258819
1550.0    0.415746229965
1551.0    0.644177968793
1552.0    0.900682886589
1553.0    0.309207938031
1554.0    0.727563428686
1555.0    0.849081235665
1556.0    0.71436201616
1557.0    0.829766588698
1558.0    0.889034400977
1559.0    0.779467414153
1560.0    0.66775954125
1561.0    0.671081340625
1562.0    0.714301431284
1563.0    0.692088107965
1564.0    0.730933533488
1565.0    0.69237514081
1566.0    0.803987058282
1567.0    0.854570512464
1568.0    0.776756152861
1569.0    0.374073928466
1570.0    0.85780861289
1571.0    0.945748112827
1572.0    0.575134503985
1573.0    0.414485818309
1574.0    0.499658630358
1575.0    0.748529489521
1576.0    0.803846398658
1577.0    0.333877934133
1578.0    0.67151575714
1579.0    0.742173344228
1580.0    0.540572623535
1581.0    0.39886768762
1582.0    0.787258026394
1583.0    0.78419218689
1584.0    0.78873825409
1585.0    0.746457613998
1586.0    0.887732153558
1587.0    0.822688416041
1588.0    0.332842475948
1589.0    0.317648944018
1590.0    0.730779939696
1591.0    0.771325823413
1592.0    0.826517588329
1593.0    0.655676277258
1594.0    0.593335843838
1595.0    0.679931889576
1596.0    0.754601927455
1597.0    0.649913821813
1598.0    0.805508591558
1599.0    0.781209207968
1600.0    0.856077976603
1601.0    0.516241275267
1602.0    0.828980976851
1603.0    0.845523235593
1604.0    0.747223861401
1605.0    0.829770439341
1606.0    0.556489138335
1607.0    0.523412297468
1608.0    0.639306717192
1609.0    0.808783717558
1610.0    0.563354881917
1611.0    0.603734757833
1612.0    0.884403454168
1613.0    0.4014082447
1614.0    0.572164374667
1615.0    0.745584500218
1616.0    0.657427874345
1617.0    0.425383225186
1618.0    0.480831750849
1619.0    0.813403961529
1620.0    0.369938673379
1621.0    0.744921275279
1622.0    0.362247128681
1623.0    0.803552347111
1624.0    0.603679443978
1625.0    0.741442746509
1626.0    0.352033311613
1627.0    0.703759581595
1628.0    0.701643140291
1629.0    0.842877846184
1630.0    0.608779902951
1631.0    0.550557931421
1632.0    0.886101197767
1633.0    0.862355360234
1634.0    0.708781877456
1635.0    0.706069864074
1636.0    0.588850640199
1637.0    0.790333558056
1638.0    0.872563622236
1639.0    0.80116553636
1640.0    0.969685636813
1641.0    0.564760627995
1642.0    0.620001631962
1643.0    0.789210239136
1644.0    0.63535485759
1645.0    0.637387811825
1646.0    0.78799719642
1647.0    0.845962298617
1648.0    0.774968230811
1649.0    0.786560030972
1650.0    0.925601401774
1651.0    0.725091522322
1652.0    0.585311502942
1653.0    0.78942390181
1654.0    0.77720266364
1655.0    0.900711748845
1656.0    0.409283362906
1657.0    0.859742578911
1658.0    0.878440855315
1659.0    0.674430098447
1660.0    0.738085100084
1661.0    0.797900381897
1662.0    0.765083397209
1663.0    0.774508818437
1664.0    0.74246967862
1665.0    0.72488486567
1666.0    0.867108850452
1667.0    0.668742503982
1668.0    0.933471719707
1669.0    0.673320937121
1670.0    0.423125838273
1671.0    0.543728475815
1672.0    0.780096287918
1673.0    0.853304387033
1674.0    0.713908055244
1675.0    0.771581446975
1676.0    0.593056700007
1677.0    0.645294963043
1678.0    0.689650242118
1679.0    0.65650379358
1680.0    0.655401973016
1681.0    0.419972625617
1682.0    0.381308733234
1683.0    0.709787273079
1684.0    0.757521354691
1685.0    0.589835398336
1686.0    0.64233090036
1687.0    0.576499819489
1688.0    0.230555330823
1689.0    0.620558018616
1690.0    0.649675995352
1691.0    0.873249277442
1692.0    0.517479459812
1693.0    0.584644818579
1694.0    0.824649680792
1695.0    0.852106620062
1696.0    0.296182677639
1697.0    0.525740624826
1698.0    0.546069475079
1699.0    0.690883755849
1700.0    0.518009675146
1701.0    0.545873797538
1702.0    0.773205209173
1703.0    0.454147071633
1704.0    0.843143164116
1705.0    0.610751983466
1706.0    0.818348081669
1707.0    0.755009749933
1708.0    0.541417771942
1709.0    0.802234267996
1710.0    0.605630942166
1711.0    0.432892923212
1712.0    0.693587773491
1713.0    0.445035748232
1714.0    0.543367818505
1715.0    0.644340685288
1716.0    0.735496936345
1717.0    0.628399774148
1718.0    0.32954701126
1719.0    0.666126851817
1720.0    0.638885642961
1721.0    0.805189926882
1722.0    0.821638765934
1723.0    0.471284173742
1724.0    0.815148963203
1725.0    0.634743324532
1726.0    0.596530756489
1727.0    0.604621545796
1728.0    0.880117284289
1729.0    0.67408795055
1730.0    0.717033837488
1731.0    0.517460489777
1732.0    0.71193633164
1733.0    0.681454712455
1734.0    0.828239205298
1735.0    0.854487964483
1736.0    0.655105081142
1737.0    0.80783264364
1738.0    0.555058219152
1739.0    0.547192587524
1740.0    0.758976829631
1741.0    0.374778788813
1742.0    0.77393584832
1743.0    0.787269777599
1744.0    0.815289920117
1745.0    0.760547044903
1746.0    0.665335044956
1747.0    0.768410702381
1748.0    0.408770603793
1749.0    0.657703635767
1750.0    0.50491770885
1751.0    0.767892754613
1752.0    0.711514153743
1753.0    0.593622300871
1754.0    0.682970770272
1755.0    0.625772352135
1756.0    0.513055255712
1757.0    0.801690256506
1758.0    0.848839604631
1759.0    0.42951066382
1760.0    0.831983413779
1761.0    0.410866615144
1762.0    0.6727725899
1763.0    0.589722088824
1764.0    0.796196911716
1765.0    0.739052125155
1766.0    0.705880329951
1767.0    0.355510561693
1768.0    0.757170423342
1769.0    0.464574887342
1770.0    0.724619724301
1771.0    0.599719285231
1772.0    0.269862358753
1773.0    0.424107742088
1774.0    0.579132460529
1775.0    0.431960232553
1776.0    0.309645507907
1777.0    0.57140110803
1778.0    0.391621622035
1779.0    0.546131302935
1780.0    0.442653347085
1781.0    0.497164171548
1782.0    0.410269930256
1783.0    0.527487544875
1784.0    0.563075653661
1785.0    0.69347892363
1786.0    0.716198977544
1787.0    0.536995591105
1788.0    0.466997191576
1789.0    0.395294350334
1790.0    0.723954971726
1791.0    0.63367541172
1792.0    0.52366384492
1793.0    0.554894390739
1794.0    0.817209131056
1795.0    0.844800492826
1796.0    0.596630728959
1797.0    0.852862680111
1798.0    0.760843003022
1799.0    0.867710456396
1800.0    0.702456877672
1801.0    0.82106791114
1802.0    0.698820656503
1803.0    0.416513100475
1804.0    0.644982528089
1805.0    0.669807922924
1806.0    0.776172981745
1807.0    0.501558653499
1808.0    0.762665493463
1809.0    0.772765191253
1810.0    0.883885404175
1811.0    0.600840770467
1812.0    0.887747642582
1813.0    0.65557108365
1814.0    0.925120322009
1815.0    0.637959985205
1816.0    0.830948819729
1817.0    0.86725681584
1818.0    0.816001662275
1819.0    0.695941969689
1820.0    0.722124671535
1821.0    0.916847016401
1822.0    0.739771240153
1823.0    0.72230045412
1824.0    0.88555916662
1825.0    0.604058652772
1826.0    0.339634962643
1827.0    0.624039689846
1828.0    0.775192963048
1829.0    0.226806179754
1830.0    0.760634171134
1831.0    0.808115994427
1832.0    0.774521871729
1833.0    0.539699439676
1834.0    0.86919266142
1835.0    0.714561660079
1836.0    0.755893881746
1837.0    0.814528306588
1838.0    0.855752223058
1839.0    0.643334840145
1840.0    0.477179939967
1841.0    0.930521777683
1842.0    0.88919948427
1843.0    0.947165265055
1844.0    0.892634078603
1845.0    0.761139616998
1846.0    0.861111978692
1847.0    0.689976742439
1848.0    0.762161946074
1849.0    0.721134673881
1850.0    0.818624900703
1851.0    0.383096600828
1852.0    0.598501856917
1853.0    0.745900677477
1854.0    0.549876552168
1855.0    0.580748511537
1856.0    0.282325696823
1857.0    0.691051016714
1858.0    0.221910866134
1859.0    0.49006469305
1860.0    0.470084992049
1861.0    0.404478916131
1862.0    0.388829075146
1863.0    0.542291065383
1864.0    0.668869638161
1865.0    0.153360720454
1866.0    0.410328280882
1867.0    0.402860130326
1868.0    0.783534492794
1869.0    0.51004237298
1870.0    0.542747965197
1871.0    0.516879371011
1872.0    0.508629660401
1873.0    0.450804370739
1874.0    0.784891055828
1875.0    0.6777850637
1876.0    0.728957816506
1877.0    0.248415700481
1878.0    0.60094403049
1879.0    0.824098427309
1880.0    0.57821478757
1881.0    0.863479410341
1882.0    0.643589718809
1883.0    0.872662446811
1884.0    0.657764468691
1885.0    0.7613341443
1886.0    0.652766055753
1887.0    0.739586117465
1888.0    0.865821075295
1889.0    0.85466381972
1890.0    0.870416197307
1891.0    0.827862595547
1892.0    0.720457029394
1893.0    0.770844007096
1894.0    0.270279530789
1895.0    0.923379464346
1896.0    0.887776165539
1897.0    0.615827400637
1898.0    0.783905400957
1899.0    0.960641524893
1900.0    0.839922100709
1901.0    0.857301771389
1902.0    0.90939383801
1903.0    0.778587827262
1904.0    0.867535797137
1905.0    0.614652056083
1906.0    0.208909933687
1907.0    0.74144659808
1908.0    0.660070350288
1909.0    0.57186338062
1910.0    0.618232899429
1911.0    0.664079363138
1912.0    0.427954816926
1913.0    0.554160285769
1914.0    0.716997125911
1915.0    0.683928245642
1916.0    0.497747066128
1917.0    0.391636906694
1918.0    0.524967449707
1919.0    0.432836100482
1920.0    0.292342741366
1921.0    0.18255645212
1922.0    0.547766409085
1923.0    0.639261684244
1924.0    0.551391495439
1925.0    0.398525246003
1926.0    0.391055941895
1927.0    0.738627256811
1928.0    0.274605625587
1929.0    0.588145444373
1930.0    0.68242183959
1931.0    0.497497832224
1932.0    0.659727652087
1933.0    0.667919352042
1934.0    0.599641403155
1935.0    0.549652435636
1936.0    0.455822516768
1937.0    0.404209699244
1938.0    0.375290325091
1939.0    0.651585404307
1940.0    0.774728661139
1941.0    0.313207342544
1942.0    0.75709268997
1943.0    0.400563444383
1944.0    0.825168125154
1945.0    0.393416045428
1946.0    0.500621908153
1947.0    0.420349628083
1948.0    0.59098124055
1949.0    0.79178952558
1950.0    0.732031028727
1951.0    0.677310894255
1952.0    0.383427792467
1953.0    0.821284525592
1954.0    0.743077641966
1955.0    0.516838250905
1956.0    0.41428986253
1957.0    0.842064761277
1958.0    0.782066664771
1959.0    0.757180313604
1960.0    0.794521629158
1961.0    0.730384813254
1962.0    0.800149017404
1963.0    0.671467055169
1964.0    0.592755103516
1965.0    0.754021662961
1966.0    0.689286259312
1967.0    0.770412425725
1968.0    0.80803467527
1969.0    0.783620410028
1970.0    0.804139764543
1971.0    0.334974211173
1972.0    0.748993807267
1973.0    0.691347490924
1974.0    0.757180255695
1975.0    0.38416223773
1976.0    0.631227783558
1977.0    0.680615649966
1978.0    0.810378198706
1979.0    0.817100934173
1980.0    0.591614912699
1981.0    0.825500472349
1982.0    0.760142497918
1983.0    0.580238036854
1984.0    0.631108664695
1985.0    0.74969777568
1986.0    0.692569698963
1987.0    0.852979246961
1988.0    0.635765429518
1989.0    0.787481064064
1990.0    0.813666051269
1991.0    0.637655522535
1992.0    0.789629159627
1993.0    0.829392912971
1994.0    0.838324686436
1995.0    0.769516040748
1996.0    0.630338304903
1997.0    0.730398422976
1998.0    0.301766981465
1999.0    0.467962155275
2000.0    0.612416204903
2001.0    0.654748993927
2002.0    0.680813689851
2003.0    0.736103568482
2004.0    0.743301020638
2005.0    0.767026644791
2006.0    0.62017666278
2007.0    0.618306674501
2008.0    0.634521306209
2009.0    0.863053328919
2010.0    0.860439140123
2011.0    0.780492881202
2012.0    0.705832059053
2013.0    0.656619092079
2014.0    0.908833932026
2015.0    0.919169599719
2016.0    0.856120261074
2017.0    0.30492697766
2018.0    0.715224851705
2019.0    0.848919733395
2020.0    0.775073814381
2021.0    0.79548413286
2022.0    0.838823150892
2023.0    0.818541041267
2024.0    0.794568314571
2025.0    0.578725116458
2026.0    0.73030729284
2027.0    0.701520868357
2028.0    0.615890543034
2029.0    0.863244102544
2030.0    0.64054068471
2031.0    0.669893784278
2032.0    0.869032808753
2033.0    0.742165958566
2034.0    0.320593237363
2035.0    0.742719690726
2036.0    0.800940580785
2037.0    0.917458749883
2038.0    0.823179955092
2039.0    0.492586150919
2040.0    0.915136654396
2041.0    0.700893759277
2042.0    0.859740526283
2043.0    0.918037688114
2044.0    0.847372466742
2045.0    0.922241989688
2046.0    0.866407282155
2047.0    0.575835799655
2048.0    0.815335829324
2049.0    0.689963650159
2050.0    0.601834855298
2051.0    0.503693192759
2052.0    0.885010225606
2053.0    0.409797303657
2054.0    0.226732911274
2055.0    0.736890286169
2056.0    0.797217667366
2057.0    0.28603998437
2058.0    0.821674963444
2059.0    0.573090509314
2060.0    0.879637909286
2061.0    0.790907483443
2062.0    0.438157424678
2063.0    0.840466142626
2064.0    0.668910723204
2065.0    0.60673216122
2066.0    0.65931027307
2067.0    0.499440878039
2068.0    0.654892866354
2069.0    0.812033387514
2070.0    0.700817315953
2071.0    0.801398798966
2072.0    0.722846463533
2073.0    0.845450627445
2074.0    0.370759486385
2075.0    0.691108137953
2076.0    0.696199149159
2077.0    0.814486631497
2078.0    0.8437915888
2079.0    0.662682502906
2080.0    0.341874954628
2081.0    0.771669284695
2082.0    0.818974308369
2083.0    0.762336913622
2084.0    0.818280946949
2085.0    0.749186407912
2086.0    0.635049409628
2087.0    0.861623265088
2088.0    0.82123661232
2089.0    0.823821047776
2090.0    0.640303324576
2091.0    0.659206504175
2092.0    0.838891281545
2093.0    0.714966695178
2094.0    0.577541579349
2095.0    0.234770057474
2096.0    0.684614274494
2097.0    0.894288268136
2098.0    0.773551931648
2099.0    0.551252125029
2100.0    0.77947466853
2101.0    0.620125468014
2102.0    0.594568904767
2103.0    0.595373702538
2104.0    0.775239485997
2105.0    0.597391670016
2106.0    0.891453695358
2107.0    0.819135752085
2108.0    0.933430683665
2109.0    0.681583788139
2110.0    0.842921272603
2111.0    0.828609038183
2112.0    0.884916314364
2113.0    0.466328398026
2114.0    0.765939914453
2115.0    0.523734407283
2116.0    0.821969080482
2117.0    0.68575463485
2118.0    0.654577243634
2119.0    0.600910208554
2120.0    0.732089162377
2121.0    0.711578422084
2122.0    0.865981514305
2123.0    0.747258060164
2124.0    0.799667726232
2125.0    0.821120001075
2126.0    0.883644172719
2127.0    0.862578939778
2128.0    0.563185632799
2129.0    0.919721162523
2130.0    0.584753782701
2131.0    0.859896275572
2132.0    0.964154240201
2133.0    0.509092034129
2134.0    0.945589253034
2135.0    0.526873226062
2136.0    0.918600764246
2137.0    0.479842488338
2138.0    0.844162476613
2139.0    0.784134265805
2140.0    0.922519131105
2141.0    0.70557962555
2142.0    0.713786593351
2143.0    0.705863555851
2144.0    0.944390804064
2145.0    0.789482997511
2146.0    0.447336695296
2147.0    0.937591051501
2148.0    0.606767606534
2149.0    0.873324559079
2150.0    0.538561329853
2151.0    0.688337386084
2152.0    0.427674233345
2153.0    0.655226977965
2154.0    0.424423321913
2155.0    0.289732113457
2156.0    0.590009189545
2157.0    0.783283592604
2158.0    0.641765909566
2159.0    0.470083608317
2160.0    0.444011766282
2161.0    0.758316302906
2162.0    0.749700039537
2163.0    0.808530777504
2164.0    0.608768554444
2165.0    0.717309820081
2166.0    0.684266926991
2167.0    0.732126731022
2168.0    0.836324637013
2169.0    0.536380228123
2170.0    0.435882674769
2171.0    0.874240480167
2172.0    0.810049329324
2173.0    0.669126409917
2174.0    0.544103667503
2175.0    0.883658176588
2176.0    0.859076072321
2177.0    0.813031414688
2178.0    0.884127492611
2179.0    0.493389190782
2180.0    0.658989930124
2181.0    0.875734280882
2182.0    0.860602951659
2183.0    0.6566387