2.0    0.0559011368263
3.0    0.0490049147589
4.0    0.102200521345
5.0    0.0762008684088
6.0    0.102382718534
7.0    0.0242038367528
8.0    0.0456154000446
9.0    0.153453115849
10.0    0.0796505126412
11.0    0.100040829871
12.0    0.0644455005782
13.0    0.0122947176491
14.0    0.0449009802376
15.0    0.11623895069
16.0    0.129224524019
17.0    0.0857730862105
18.0    0.0906859531223
19.0    0.114027539002
20.0    0.112993715505
21.0    0.0347763629861
22.0    0.222309082726
23.0    0.106145317645
24.0    0.0422594220451
25.0    0.0979607844899
26.0    0.0849411666617
27.0    0.170339759112
28.0    0.175344163097
29.0    0.0831971165033
30.0    0.1150142595
31.0    0.0697299908286
32.0    0.0327195361797
33.0    0.0368414392687
34.0    0.044788981986
35.0    0.0650843352294
36.0    0.0821223058503
37.0    0.0956974732297
38.0    0.120234300642
39.0    0.0587561987521
40.0    0.116523548787
41.0    0.157693050232
42.0    0.163864902977
43.0    0.287039849273
44.0    0.152406946492
45.0    0.21090985472
46.0    0.135210231431
47.0    0.114705953101
48.0    0.0696873166341
49.0    0.104973075106
50.0    0.0669297405591
51.0    0.103378732329
52.0    0.0808249056617
53.0    0.100306501276
54.0    0.18812702816
55.0    0.0936449037455
56.0    0.095692903944
57.0    0.113692058208
58.0    0.317152917678
59.0    0.307404112381
60.0    0.147000966973
61.0    0.19503525373
62.0    0.184731041031
63.0    0.311876959674
64.0    0.288941052098
65.0    0.427720235698
66.0    0.32979308823
67.0    0.328766253634
68.0    0.271263784462
69.0    0.224837511004
70.0    0.174588165545
71.0    0.0716840994017
72.0    0.137559909096
73.0    0.11017486381
74.0    0.0580821452535
75.0    0.0826228070425
76.0    0.138485579036
77.0    0.242133990436
78.0    0.194583466536
79.0    0.342413130731
80.0    0.254767217048
81.0    0.234697622817
82.0    0.278160091134
83.0    0.31897890961
84.0    0.230870405405
85.0    0.254321015101
86.0    0.211357800706
87.0    0.206917840286
88.0    0.302873601291
89.0    0.293577513017
90.0    0.26888769353
91.0    0.292636330949
92.0    0.290643938746
93.0    0.356288390364
94.0    0.0995927206587
95.0    0.219194910101
96.0    0.110900926591
97.0    0.162055452867
98.0    0.119239702059
99.0    0.125739146443
100.0    0.26042428048
101.0    0.142619702329
102.0    0.139819687238
103.0    0.167705047678
104.0    0.173346298181
105.0    0.236406834559
106.0    0.0667977959864
107.0    0.0323881156442
108.0    0.287815319396
109.0    0.348248883195
110.0    0.343613416936
111.0    0.282437306736
112.0    0.174478327166
113.0    0.237419028828
114.0    0.0939601309231
115.0    0.249476741836
116.0    0.268633831554
117.0    0.287801453506
118.0    0.35221203052
119.0    0.297539738176
120.0    0.290037365971
121.0    0.293098957662
122.0    0.289710041105
123.0    0.182613803685
124.0    0.219635000502
125.0    0.216611561265
126.0    0.217514341947
127.0    0.301992394616
128.0    0.278017168405
129.0    0.248756557686
130.0    0.278434727048
131.0    0.14585153189
132.0    0.280206427122
133.0    0.136428965362
134.0    0.153097369585
135.0    0.327629106197
136.0    0.309314689305
137.0    0.170591491783
138.0    0.238008264683
139.0    0.2921635091
140.0    0.21641679595
141.0    0.291458148508
142.0    0.370722979117
143.0    0.293371131765
144.0    0.384316092847
145.0    0.379566892802
146.0    0.458139488544
147.0    0.374953741639
148.0    0.398737809081
149.0    0.227855330776
150.0    0.195702560322
151.0    0.311458037107
152.0    0.348518209397
153.0    0.307433005779
154.0    0.331233359895
155.0    0.434666158146
156.0    0.383218451597
157.0    0.435974426877
158.0    0.329982185012
159.0    0.34159097153
160.0    0.334515372506
161.0    0.307374886768
162.0    0.203879185569
163.0    0.258900894447
164.0    0.1610048363
165.0    0.253715527419
166.0    0.32137501294
167.0    0.262541848605
168.0    0.24812699028
169.0    0.298745029983
170.0    0.246188769914
171.0    0.193145002692
172.0    0.35713179449
173.0    0.244107737392
174.0    0.352260989204
175.0    0.394799465098
176.0    0.179119786721
177.0    0.371430002467
178.0    0.268543796944
179.0    0.277487600572
180.0    0.426622539485
181.0    0.306708297809
182.0    0.180534610051
183.0    0.332229748611
184.0    0.181684673164
185.0    0.154355001279
186.0    0.349172587113
187.0    0.422078156916
188.0    0.475939134645
189.0    0.340227605604
190.0    0.481820316508
191.0    0.415906439098
192.0    0.379265093016
193.0    0.40465256727
194.0    0.363454920296
195.0    0.415925024357
196.0    0.390647793647
197.0    0.401592743798
198.0    0.434610579483
199.0    0.44477450067
200.0    0.475269202285
201.0    0.369195389228
202.0    0.401702302377
203.0    0.458027904032
204.0    0.431763491925
205.0    0.496872641203
206.0    0.451922083231
207.0    0.269013209239
208.0    0.393684280266
209.0    0.392512384535
210.0    0.399930625779
211.0    0.347252511928
212.0    0.32812579487
213.0    0.349170266321
214.0    0.382227278805
215.0    0.3784398971
216.0    0.362109080471
217.0    0.408534695896
218.0    0.413293651144
219.0    0.377690124272
220.0    0.397220268435
221.0    0.429608860084
222.0    0.361935722204
223.0    0.245725122168
224.0    0.314252699649
225.0    0.402543509793
226.0    0.315202170169
227.0    0.32023598953
228.0    0.295347781107
229.0    0.319805602854
230.0    0.299938697119
231.0    0.344166079043
232.0    0.355261054459
233.0    0.283411017248
234.0    0.359825241651
235.0    0.235506380397
236.0    0.367202536144
237.0    0.326823382001
238.0    0.399606655116
239.0    0.342295837792
240.0    0.412769135
241.0    0.435063569938
242.0    0.407997425879
243.0    0.430508917633
244.0    0.373929648018
245.0    0.365948340103
246.0    0.391341841777
247.0    0.369167990742
248.0    0.390099302419
249.0    0.434252580537
250.0    0.318017241141
251.0    0.390000644935
252.0    0.414616328918
253.0    0.333029395101
254.0    0.406914911879
255.0    0.358066524846
256.0    0.374357005202
257.0    0.378139946538
258.0    0.346623093124
259.0    0.361894665965
260.0    0.435756189538
261.0    0.432444285273
262.0    0.360515424359
263.0    0.354035073799
264.0    0.450011309696
265.0    0.420234544274
266.0    0.416117487105
267.0    0.463453042038
268.0    0.446213534175
269.0    0.412729165123
270.0    0.405972464597
271.0    0.455995998128
272.0    0.503615861012
273.0    0.481140376463
274.0    0.452467597674
275.0    0.41589604389
276.0    0.490905263751
277.0    0.459775704491
278.0    0.396656756958
279.0    0.417827813063
280.0    0.316512357803
281.0    0.374440433233
282.0    0.276555167743
283.0    0.26685449649
284.0    0.326402117267
285.0    0.30222206242
286.0    0.258393612307
287.0    0.419950432964
288.0    0.279892811869
289.0    0.440158306137
290.0    0.389847363561
291.0    0.334946591044
292.0    0.424384300879
293.0    0.415783025646
294.0    0.505004419325
295.0    0.490507214486
296.0    0.490141563222
297.0    0.568400744488
298.0    0.468302659256
299.0    0.317905625688
300.0    0.312414512643
301.0    0.335576284663
302.0    0.543255694549
303.0    0.546968262524
304.0    0.464741321206
305.0    0.418886836125
306.0    0.601344265717
307.0    0.216489331306
308.0    0.553073891364
309.0    0.370700373061
310.0    0.459946639946
311.0    0.358105920001
312.0    0.463446442298
313.0    0.397098805243
314.0    0.319386911756
315.0    0.438406257082
316.0    0.276192477618
317.0    0.418484359994
318.0    0.382052776574
319.0    0.442818462316
320.0    0.369884380368
321.0    0.407776443599
322.0    0.454190036629
323.0    0.454698294013
324.0    0.611685556479
325.0    0.4496243685
326.0    0.392098748638
327.0    0.459018800741
328.0    0.413032964173
329.0    0.473008059676
330.0    0.282281933991
331.0    0.26187557346
332.0    0.339190478777
333.0    0.55488431189
334.0    0.476295474958
335.0    0.447036421313
336.0    0.442642477872
337.0    0.310426035257
338.0    0.270168876337
339.0    0.363713344637
340.0    0.460049127259
341.0    0.266466118964
342.0    0.359047396865
343.0    0.638787954416
344.0    0.358061781102
345.0    0.389495183442
346.0    0.485272442657
347.0    0.482021722856
348.0    0.295265381127
349.0    0.416409576889
350.0    0.519231400007
351.0    0.48345374816
352.0    0.40154927466
353.0    0.492882489928
354.0    0.552220141955
355.0    0.442049799017
356.0    0.311805554304
357.0    0.425029039086
358.0    0.351954687127
359.0    0.548486016513
360.0    0.412271076996
361.0    0.44961475771
362.0    0.365269480536
363.0    0.433916653724
364.0    0.564753376312
365.0    0.497345433603
366.0    0.538773645949
367.0    0.446798718092
368.0    0.470841505239
369.0    0.494386151923
370.0    0.455857782406
371.0    0.503753100915
372.0    0.490985078707
373.0    0.347711885673
374.0    0.550608391225
375.0    0.326053913639
376.0    0.271274439302
377.0    0.395581547935
378.0    0.35747729502
379.0    0.330542915033
380.0    0.41935085428
381.0    0.517056209843
382.0    0.508025451345
383.0    0.556134846457
384.0    0.537575235992
385.0    0.445531042369
386.0    0.485588747072
387.0    0.576410810078
388.0    0.535753215347
389.0    0.482072182521
390.0    0.459603612153
391.0    0.4038131795
392.0    0.354753101706
393.0    0.498112525077
394.0    0.505869930432
395.0    0.406297216317
396.0    0.487156051622
397.0    0.544626635743
398.0    0.473793991832
399.0    0.532620696904
400.0    0.366027462899
401.0    0.456899694421
402.0    0.533523048841
403.0    0.526692256614
404.0    0.371907697555
405.0    0.545540404829
406.0    0.563147492248
407.0    0.570061395301
408.0    0.440535061565
409.0    0.474784197014
410.0    0.397482266611
411.0    0.347645308076
412.0    0.442057927921
413.0    0.416725031564
414.0    0.533468741072
415.0    0.440865406874
416.0    0.455529603365
417.0    0.32728714314
418.0    0.497716017725
419.0    0.443212301604
420.0    0.476642300732
421.0    0.510415330105
422.0    0.522858910585
423.0    0.601235752186
424.0    0.558187233605
425.0    0.441715358051
426.0    0.487485107953
427.0    0.463474375724
428.0    0.556187423605
429.0    0.510461822593
430.0    0.495266646207
431.0    0.571504549121
432.0    0.585328470815
433.0    0.368643094646
434.0    0.399139656855
435.0    0.641894312191
436.0    0.669888533477
437.0    0.628390620179
438.0    0.604601516858
439.0    0.6479554528
440.0    0.611335002762
441.0    0.53627955757
442.0    0.624818518061
443.0    0.562437029646
444.0    0.584149847839
445.0    0.602627706032
446.0    0.60985215042
447.0    0.566789536594
448.0    0.67950593605
449.0    0.567151588061
450.0    0.60441790447
451.0    0.69563600214
452.0    0.650552409747
453.0    0.707500519335
454.0    0.698169571598
455.0    0.640730284965
456.0    0.57300374255
457.0    0.660238327952
458.0    0.675408582643
459.0    0.68936236716
460.0    0.633593017777
461.0    0.645672655013
462.0    0.614510022721
463.0    0.628673852891
464.0    0.598393331217
465.0    0.610607434023
466.0    0.630451781987
467.0    0.570679417641
468.0    0.622148179998
469.0    0.545439597524
470.0    0.527642601746
471.0    0.580288145404
472.0    0.443270758806
473.0    0.523009260395
474.0    0.583214294632
475.0    0.584075495852
476.0    0.587426499458
477.0    0.617195238143
478.0    0.58790748268
479.0    0.646725237275
480.0    0.568793997655
481.0    0.653227284674
482.0    0.649905084338
483.0    0.590422288232
484.0    0.673203775398
485.0    0.703885859557
486.0    0.630274588095
487.0    0.600848428698
488.0    0.610925563358
489.0    0.558868819
490.0    0.659240723516
491.0    0.658449949479
492.0    0.608145700769
493.0    0.568275738677
494.0    0.558331015527
495.0    0.551926945045
496.0    0.704703104511
497.0    0.528804949366
498.0    0.593281825854
499.0    0.543434865648
500.0    0.603915196918
501.0    0.714324444391
502.0    0.64522050573
503.0    0.594010223859
504.0    0.691140397125
505.0    0.554379245244
506.0    0.389422148235
507.0    0.466783243977
508.0    0.599772051521
509.0    0.652759963089
510.0    0.560880872077
511.0    0.498140815879
512.0    0.480012503052
513.0    0.676229427746
514.0    0.541972356965
515.0    0.356208234668
516.0    0.469694837576
517.0    0.634109601315
518.0    0.441638794793
519.0    0.601708854625
520.0    0.555428799487
521.0    0.573648132363
522.0    0.667568955383
523.0    0.708114124104
524.0    0.592078539049
525.0    0.673818584452
526.0    0.512768054769
527.0    0.633468419819
528.0    0.634826783364
529.0    0.458536217664
530.0    0.475685752497
531.0    0.416140339068
532.0    0.380155485385
533.0    0.377134189949
534.0    0.336778014404
535.0    0.583958065817
536.0    0.435848480349
537.0    0.512596599847
538.0    0.437801395267
539.0    0.448308366934
540.0    0.540096204584
541.0    0.511697890653
542.0    0.418814010007
543.0    0.577959212533
544.0    0.514657575996
545.0    0.616472366619
546.0    0.460104133863
547.0    0.539611054328
548.0    0.57334570307
549.0    0.600083447421
550.0    0.596238630017
551.0    0.597794321229
552.0    0.535817472888
553.0    0.600314008208
554.0    0.657060188159
555.0    0.609838317748
556.0    0.580388357874
557.0    0.440010965545
558.0    0.607704570429
559.0    0.498287443096
560.0    0.527527419635
561.0    0.401072064054
562.0    0.652394864067
563.0    0.479106763007
564.0    0.51310130128
565.0    0.591107766436
566.0    0.487444824853
567.0    0.599953358865
568.0    0.576600985642
569.0    0.581759531915
570.0    0.527843300027
571.0    0.495642165508
572.0    0.570070215897
573.0    0.600858048741
574.0    0.523467002428
575.0    0.56187008852
576.0    0.578850147829
577.0    0.637149921744
578.0    0.599716512602
579.0    0.502130489039
580.0    0.585041709289
581.0    0.591298717399
582.0    0.615700803175
583.0    0.629081258584
584.0    0.548167295616
585.0    0.625482239707
586.0    0.460052447254
587.0    0.615012484732
588.0    0.573350799173
589.0    0.578307244267
590.0    0.561163779073
591.0    0.593723022255
592.0    0.584232068795
593.0    0.480121127251
594.0    0.556609728078
595.0    0.527642752597
596.0    0.599899996389
597.0    0.611813209587
598.0    0.625109734719
599.0    0.498577398958
600.0    0.575538043411
601.0    0.544686522573
602.0    0.6432585896
603.0    0.675292173765
604.0    0.539676103362
605.0    0.66370340979
606.0    0.686573297448
607.0    0.655052970692
608.0    0.618295371591
609.0    0.684609007919
610.0    0.643801402357
611.0    0.647246792582
612.0    0.662669049871
613.0    0.691240557537
614.0    0.670294475928
615.0    0.643074679406
616.0    0.591830012093
617.0    0.581473171756
618.0    0.622546969046
619.0    0.543685418469
620.0    0.526548931654
621.0    0.599956835698
622.0    0.679258350839
623.0    0.580703891417
624.0    0.619808473312
625.0    0.571675782005
626.0    0.694811758663
627.0    0.534547708971
628.0    0.602715814298
629.0    0.660953930696
630.0    0.508294670214
631.0    0.645074674523
632.0    0.682306368258
633.0    0.706928338974
634.0    0.56327254591
635.0    0.509116218462
636.0    0.579768379952
637.0    0.616372609926
638.0    0.528806461073
639.0    0.735214944051
640.0    0.608259687286
641.0    0.627917666166
642.0    0.678212466707
643.0    0.591123251393
644.0    0.527526474316
645.0    0.727868676553
646.0    0.560271938297
647.0    0.574278934897
648.0    0.410967349611
649.0    0.523965602484
650.0    0.502826394069
651.0    0.442155752061
652.0    0.444759300226
653.0    0.588736286748
654.0    0.738179281801
655.0    0.566589017387
656.0    0.566965623364
657.0    0.505543663331
658.0    0.64260775743
659.0    0.65597964433
660.0    0.543017208114
661.0    0.584926059834
662.0    0.528073867905
663.0    0.604192640822
664.0    0.586888449473
665.0    0.588100309293
666.0    0.805758957804
667.0    0.726319429543
668.0    0.761645628959
669.0    0.631185935016
670.0    0.7506943928
671.0    0.741514794376
672.0    0.784866070162
673.0    0.689949392765
674.0    0.650382811035
675.0    0.662479417602
676.0    0.628523807954
677.0    0.548555663884
678.0    0.593239429885
679.0    0.605993813294
680.0    0.629243212287
681.0    0.611838959972
682.0    0.559884016514
683.0    0.487496297999
684.0    0.673057363359
685.0    0.692417186408
686.0    0.667230577509
687.0    0.778909235721
688.0    0.674005739927
689.0    0.505096392662
690.0    0.644121753903
691.0    0.56952487355
692.0    0.66365466804
693.0    0.59447023838
694.0    0.645768232621
695.0    0.65982691286
696.0    0.740014213121
697.0    0.764944213461
698.0    0.696394084363
699.0    0.671644584139
700.0    0.725383728554
701.0    0.659481240664
702.0    0.502807090951
703.0    0.710126054495
704.0    0.380872194442
705.0    0.637501755859
706.0    0.724488150425
707.0    0.587301344975
708.0    0.718758706491
709.0    0.56164171366
710.0    0.681371483236
711.0    0.677235175658
712.0    0.723708682179
713.0    0.660447101011
714.0    0.705055391942
715.0    0.645158097682
716.0    0.700020308817
717.0    0.747137132802
718.0    0.673682565979
719.0    0.693391211281
720.0    0.700030563905
721.0    0.805783648157
722.0    0.801865192527
723.0    0.770189628535
724.0    0.803073545974
725.0    0.707107718809
726.0    0.79656587022
727.0    0.745798517773
728.0    0.787567077596
729.0    0.749866439719
730.0    0.774842167499
731.0    0.721840947311
732.0    0.67885437171
733.0    0.791688744239
734.0    0.704330869154
735.0    0.643516671753
736.0    0.683369124956
737.0    0.741072368455
738.0    0.676285154341
739.0    0.686309231429
740.0    0.689941749001
741.0    0.681868848445
742.0    0.696350199522
743.0    0.720593451755
744.0    0.807343924147
745.0    0.75977788833
746.0    0.691400162832
747.0    0.736295850389
748.0    0.704767848092
749.0    0.744013665674
750.0    0.68930624179
751.0    0.653692205216
752.0    0.590070833603
753.0    0.663925137895
754.0    0.779458188527
755.0    0.801138201908
756.0    0.766732860229
757.0    0.7432692131
758.0    0.817261048997
759.0    0.85251412055
760.0    0.77572421269
761.0    0.740949215805
762.0    0.715194387601
763.0    0.785673441754
764.0    0.723733799788
765.0    0.68527696057
766.0    0.768124779221
767.0    0.774594651303
768.0    0.735004235926
769.0    0.754642707384
770.0    0.73468570476
771.0    0.763976950615
772.0    0.60135480126
773.0    0.657487485154
774.0    0.546778187831
775.0    0.607910361209
776.0    0.741899873881
777.0    0.734134374593
778.0    0.575361958002
779.0    0.708099669454
780.0    0.583287713269
781.0    0.687952837395
782.0    0.765059119502
783.0    0.727091337411
784.0    0.58676077231
785.0    0.66029979294
786.0    0.59445220112
787.0    0.502066725441
788.0    0.628480129843
789.0    0.507002812257
790.0    0.590942192615
791.0    0.606239158132
792.0    0.713866185122
793.0    0.640197606629
794.0    0.663495007835
795.0    0.528081361262
796.0    0.705975828963
797.0    0.708014843543
798.0    0.750231638652
799.0    0.756906551012
800.0    0.656206709598
801.0    0.61381721109
802.0    0.734015753499
803.0    0.703339525096
804.0    0.836288019688
805.0    0.716500054843
806.0    0.730290177592
807.0    0.790342774384
808.0    0.790630685586
809.0    0.691748457851
810.0    0.757559227929
811.0    0.703194298573
812.0    0.749511011892
813.0    0.835023685779
814.0    0.816106619777
815.0    0.854821075172
816.0    0.784004766173
817.0    0.701562293583
818.0    0.775495274786
819.0    0.74303980812
820.0    0.76104516279
821.0    0.724317661946
822.0    0.850343101258
823.0    0.807991393525
824.0    0.785080015342
825.0    0.804417988938
826.0    0.80793146223
827.0    0.804227827176
828.0    0.73022150185
829.0    0.680068484379
830.0    0.73920293279
831.0    0.730700655286
832.0    0.782904459951
833.0    0.729721988049
834.0    0.755244237026
835.0    0.691934008172
836.0    0.615526951163
837.0    0.693505916802
838.0    0.756329815208
839.0    0.696294350496
840.0    0.662437228735
841.0    0.635945611338
842.0    0.601834773492
843.0    0.675384820946
844.0    0.62556401124
845.0    0.526646156184
846.0    0.68294705003
847.0    0.629696267292
848.0    0.63200129761
849.0    0.711382924471
850.0    0.789771877895
851.0    0.679396356875
852.0    0.502148838192
853.0    0.667246736704
854.0    0.671465297803
855.0    0.67859348791
856.0    0.687020939147
857.0    0.634765121495
858.0    0.67056465862
859.0    0.549415851836
860.0    0.567459718077
861.0    0.714267453834
862.0    0.697527820479
863.0    0.55132362559
864.0    0.652959324359
865.0    0.717009278659
866.0    0.651518023082
867.0    0.47202200966
868.0    0.663849669019
869.0    0.709851965247
870.0    0.679178203785
871.0    0.742256388922
872.0    0.729124308003
873.0    0.741964104569
874.0    0.737490882615
875.0    0.48680780761
876.0    0.70262776122
877.0    0.772722456328
878.0    0.746693982151
879.0    0.782725982358
880.0    0.719915275755
881.0    0.769826251582
882.0    0.86427296616
883.0    0.881351125232
884.0    0.842553580211
885.0    0.859804492449
886.0    0.767408623956
887.0    0.846435617934
888.0    0.777715603121
889.0    0.776960191549
890.0    0.813943951832
891.0    0.854805701389
892.0    0.764919026969
893.0    0.902225640714
894.0    0.779676960212
895.0    0.735674250123
896.0    0.822449535633
897.0    0.743706671429
898.0    0.767351155961
899.0    0.822980146041
900.0    0.784449829256
901.0    0.755257327426
902.0    0.779889738467
903.0    0.786942185306
904.0    0.793685930828
905.0    0.792568079532
906.0    0.782724293267
907.0    0.817892955475
908.0    0.714244160616
909.0    0.791269337094
910.0    0.829507697631
911.0    0.798538555619
912.0    0.771863008198
913.0    0.652740586012
914.0    0.737557476922
915.0    0.635389831484
916.0    0.717720593157
917.0    0.624591953782
918.0    0.766088393485
919.0    0.775925272656
920.0    0.746248773477
921.0    0.786864709752
922.0    0.575840519697
923.0    0.704895612054
924.0    0.607670465396
925.0    0.643241301435
926.0    0.564222063408
927.0    0.505689097405
928.0    0.707051624585
929.0    0.609105990949
930.0    0.619054004828
931.0    0.575187020035
932.0    0.648702761779
933.0    0.727363334574
934.0    0.594258695643
935.0    0.623417563338
936.0    0.486378390783
937.0    0.532807789516
938.0    0.674273961042
939.0    0.652741181141
940.0    0.752275982712
941.0    0.804088718503
942.0    0.808012156607
943.0    0.674237859353
944.0    0.6612669315
945.0    0.67895154078
946.0    0.789171042082
947.0    0.649563917763
948.0    0.747646642861
949.0    0.772986149064
950.0    0.639198350068
951.0    0.68640308284
952.0    0.775474936977
953.0    0.583736611841
954.0    0.763661362279
955.0    0.705485371654
956.0    0.693633775276
957.0    0.72698172572
958.0    0.729268593435
959.0    0.658475555301
960.0    0.657866822603
961.0    0.789779787749
962.0    0.743896714132
963.0    0.670923111864
964.0    0.717197854568
965.0    0.764454595023
966.0    0.749901120772
967.0    0.82846548445
968.0    0.670830626584
969.0    0.753856514766
970.0    0.677191450473
971.0    0.781780886956
972.0    0.549937667719
973.0    0.621271373784
974.0    0.751578247153
975.0    0.658483351341
976.0    0.576246433336
977.0    0.455131290735
978.0    0.513123157567
979.0    0.625539079354
980.0    0.678768291784
981.0    0.59587740477
982.0    0.611345939179
983.0    0.794206413163
984.0    0.815318294762
985.0    0.768848752946
986.0    0.635538887541
987.0    0.734079630988
988.0    0.660474558011
989.0    0.611629300786
990.0    0.706116537186
991.0    0.616164791375
992.0    0.73140436961
993.0    0.724011842866
994.0    0.747468543955
995.0    0.784907069149
996.0    0.75321328651
997.0    0.530647100215
998.0    0.453287451156
999.0    0.580915793803
1000.0    0.540863072286
1001.0    0.332575525059
1002.0    0.629513229012
1003.0    0.567158970455
1004.0    0.291274633264
1005.0    0.55596295004
1006.0    0.41298066391
1007.0    0.40513093037
1008.0    0.47398399591
1009.0    0.277845629162
1010.0    0.57651669878
1011.0    0.735701122152
1012.0    0.304927692194
1013.0    0.490932063754
1014.0    0.594788331836
1015.0    0.589215953093
1016.0    0.595340406614
1017.0    0.810619601535
1018.0    0.790386429914
1019.0    0.800225157368
1020.0    0.878193753447
1021.0    0.892108529165
1022.0    0.821782376965
1023.0    0.828842512715
1024.0    0.843534398279
1025.0    0.806327918749
1026.0    0.826409138512
1027.0    0.867272916
1028.0    0.831210921164
1029.0    0.826715599182
1030.0    0.847633870517
1031.0    0.852090435264
1032.0    0.849280040599
1033.0    0.837009903222
1034.0    0.833633793285
1035.0    0.89557291599
1036.0    0.832695711502
1037.0    0.807089988837
1038.0    0.868362402885
1039.0    0.868953078008
1040.0    0.807676524059
1041.0    0.834476956752
1042.0    0.878818416363
1043.0    0.881753040679
1044.0    0.88151480416
1045.0    0.909496111786
1046.0    0.916517574164
1047.0    0.913962520569
1048.0    0.943525831319
1049.0    0.921530517111
1050.0    0.894911240966
1051.0    0.901893604118
1052.0    0.91067460291
1053.0    0.902737606623
1054.0    0.898717408309
1055.0    0.823453110663
1056.0    0.816758781182
1057.0    0.761396465087
1058.0    0.670754822082
1059.0    0.745439114075
1060.0    0.687114756178
1061.0    0.679441412269
1062.0    0.771339947638
1063.0    0.696763346967
1064.0    0.701321344852
1065.0    0.677338828457
1066.0    0.80459115125
1067.0    0.731222099054
1068.0    0.815678659068
1069.0    0.810065233121
1070.0    0.481656362573
1071.0    0.648150545145
1072.0    0.670512705157
1073.0    0.683817970463
1074.0    0.712656647975
1075.0    0.656777887485
1076.0    0.821749838558
1077.0    0.793895895019
1078.0    0.83472674965
1079.0    0.721855358403
1080.0    0.797368985865
1081.0    0.802702636439
1082.0    0.767683462209
1083.0    0.723739119784
1084.0    0.733658725289
1085.0    0.783670557411
1086.0    0.728395466683
1087.0    0.746562117026
1088.0    0.793173569659
1089.0    0.796599247709
1090.0    0.776402267949
1091.0    0.767406736762
1092.0    0.831545964863
1093.0    0.820953112694
1094.0    0.687680147078
1095.0    0.779716008803
1096.0    0.819316379504
1097.0    0.727557106522
1098.0    0.723219873177
1099.0    0.792109993337
1100.0    0.829029693697
1101.0    0.865831285863
1102.0    0.841280951462
1103.0    0.819202644341
1104.0    0.87266888379
1105.0    0.862740003866
1106.0    0.810873735978
1107.0    0.841659640613
1108.0    0.874724724591
1109.0    0.810575384028
1110.0    0.852865424072
1111.0    0.864034819163
1112.0    0.805279794437
1113.0    0.783509047705
1114.0    0.833679848842
1115.0    0.770502572683
1116.0    0.773969715096
1117.0    0.715995839268
1118.0    0.663517280904
1119.0    0.760965863075
1120.0    0.60879284166
1121.0    0.769435840432
1122.0    0.555031859245
1123.0    0.715931768474
1124.0    0.753448598282
1125.0    0.797491740498
1126.0    0.774644945852
1127.0    0.751646446158
1128.0    0.724021499284
1129.0    0.735971415581
1130.0    0.87043576114
1131.0    0.718979025324
1132.0    0.858188597366
1133.0    0.818281979626
1134.0    0.799472604754
1135.0    0.796456635769
1136.0    0.785720395972
1137.0    0.76930494691
1138.0    0.828279612056
1139.0    0.825001119453
1140.0    0.854808210711
1141.0    0.835273978377
1142.0    0.821654220664
1143.0    0.924265973038
1144.0    0.786421715437
1145.0    0.815290041632
1146.0    0.910592945144
1147.0    0.943993519403
1148.0    0.910129786039
1149.0    0.881229141129
1150.0    0.928854121326
1151.0    0.90596191252
1152.0    0.904501119722
1153.0    0.85810341778
1154.0    0.857695485952
1155.0    0.874266651691
1156.0    0.87509501888
1157.0    0.94481624543
1158.0    0.914543403479
1159.0    0.924497960588
1160.0    0.798143601295
1161.0    0.864829436987
1162.0    0.854441341868
1163.0    0.824505056145
1164.0    0.817539439424
1165.0    0.813193846985
1166.0    0.838343542056
1167.0    0.832115260944
1168.0    0.794079261704
1169.0    0.88680526453
1170.0    0.849401248313
1171.0    0.875131362441
1172.0    0.885592620053
1173.0    0.872634143173
1174.0    0.890832228874
1175.0    0.882394938411
1176.0    0.904158769832
1177.0    0.905669424214
1178.0    0.862918851786
1179.0    0.881993597356
1180.0    0.81426745865
1181.0    0.852397571974
1182.0    0.900756417513
1183.0    0.874021453589
1184.0    0.872860820251
1185.0    0.849187566849
1186.0    0.830809353789
1187.0    0.772975990777
1188.0    0.799694315453
1189.0    0.86470828208
1190.0    0.849241395481
1191.0    0.847569845463
1192.0    0.866046845102
1193.0    0.86238261944
1194.0    0.89626861297
1195.0    0.928877285411
1196.0    0.92973516081
1197.0    0.939034646405
1198.0    0.949881555018
1199.0    0.944590027484
1200.0    0.933409983751
1201.0    0.939338631574
1202.0    0.944432753324
1203.0    0.947102587437
1204.0    0.942152211626
1205.0    0.948849909429
1206.0    0.950563439277
1207.0    0.942067420301
1208.0    0.950312491015
1209.0    0.959805822819
1210.0    0.950578398096
1211.0    0.95424199931
1212.0    0.960838011237
1213.0    0.947420168715
1214.0    0.94805800815
1215.0    0.937604046569
1216.0    0.929855072267
1217.0    0.939129412097
1218.0    0.942109613609
1219.0    0.929179513373
1220.0    0.96029899445
1221.0    0.953863776412
1222.0    0.954214018774
1223.0    0.942802461136
1224.0    0.954156174183
1225.0    0.961259155915
1226.0    0.969688224356
1227.0    0.965251135262
1228.0    0.963560562681
1229.0    0.959487912774
1230.0    0.95963099725
1231.0    0.962061021858
1232.0    0.951843071399
1233.0    0.951256477327
1234.0    0.942144533016
1235.0    0.948816448964
1236.0    0.956386639344
1237.0    0.956633702755
1238.0    0.952467925721
1239.0    0.93279199804
1240.0    0.956895927688
1241.0    0.953317633491
1242.0    0.958212535896
1243.0    0.957589518939
1244.0    0.935081368934
1245.0    0.937953394829
1246.0    0.936795271094
1247.0    0.944870945381
1248.0    0.935773424857
1249.0    0.946580781034
1250.0    0.943788068819
1251.0    0.946433472865
1252.0    0.929567191874
1253.0    0.950559197811
1254.0    0.955285715979
1255.0    0.948413968739
1256.0    0.958420747615
1257.0    0.961857663895
1258.0    0.951170249019
1259.0    0.95077828129
1260.0    0.964319162116
1261.0    0.960135022658
1262.0    0.958411031876
1263.0    0.966973151367
1264.0    0.963504875552
1265.0    0.963230936657
1266.0    0.960077842796
1267.0    0.962226141985
1268.0    0.961697650027
1269.0    0.968651518067
1270.0    0.963506138111
1271.0    0.969199334123
1272.0    0.964386833535
1273.0    0.967745986348
1274.0    0.967266423359
1275.0    0.963832373936
1276.0    0.961668188049
1277.0    0.964121220324
1278.0    0.967773743853
1279.0    0.963280453902
1280.0    0.966363676536
1281.0    0.956082754574
1282.0    0.959890276965
1283.0    0.942773572897
1284.0    0.937928968861
1285.0    0.945529538852
1286.0    0.929476864082
1287.0    0.949879643532
1288.0    0.927001651472
1289.0    0.936338893572
1290.0    0.941060590025
1291.0    0.937314454129
1292.0    0.939161732194
1293.0    0.941893930264
1294.0    0.931725816887
1295.0    0.923296376066
1296.0    0.93323395665
1297.0    0.93825503188
1298.0    0.948314852373
1299.0    0.960476220038
1300.0    0.9599116392
1301.0    0.954190610297
1302.0    0.950644109356
1303.0    0.96503130657
1304.0    0.941814559444
1305.0    0.94378637802
1306.0    0.96499323645
1307.0    0.956754996911
1308.0    0.96241400141
1309.0    0.921882372359
1310.0    0.912819946361
1311.0    0.948239617631
1312.0    0.921722684676
1313.0    0.930489990942
1314.0    0.92546570052
1315.0    0.916358371914
1316.0    0.934406144368
1317.0    0.90289402729
1318.0    0.932889978499
1319.0    0.953632665843
1320.0    0.940528241822
1321.0    0.94119608239
1322.0    0.945754160965
1323.0    0.916154663924
1324.0    0.902785053604
1325.0    0.895774261228
1326.0    0.911590674731
1327.0    0.906093707296
1328.0    0.9304806717
1329.0    0.920929205323
1330.0    0.925717519988
1331.0    0.902350260154
1332.0    0.865344209307
1333.0    0.94285355748
1334.0    0.935430567263
1335.0    0.946173439567
1336.0    0.930469751689
1337.0    0.896865856937
1338.0    0.906544422344
1339.0    0.927109155697
1340.0    0.919813120477
1341.0    0.926131242285
1342.0    0.932489663826
1343.0    0.960900630372
1344.0    0.943360515758
1345.0    0.934803735491
1346.0    0.950114201459
1347.0    0.940521485415
1348.0    0.929029646794
1349.0    0.942105822449
1350.0    0.923509325557
1351.0    0.873400684845
1352.0    0.878241034243
1353.0    0.829471525842
1354.0    0.864117552687
1355.0    0.884282445522
1356.0    0.952263768021
1357.0    0.950334941872
1358.0    0.916342211347
1359.0    0.95720403289
1360.0    0.945727293945
1361.0    0.963583713088
1362.0    0.963209633104
1363.0    0.933492583484
1364.0    0.942163512801
1365.0    0.95793827968
1366.0    0.963592851376
1367.0    0.964948786962
1368.0    0.967005925948
1369.0    0.960064889407
1370.0    0.93896235398
1371.0    0.952224844641
1372.0    0.97073727878
1373.0    0.958995379535
1374.0    0.942206235824
1375.0    0.928818475888
1376.0    0.968372868185
1377.0    0.967976932589
1378.0    0.966304881997
1379.0    0.954446267545
1380.0    0.949365660786
1381.0    0.926917054953
1382.0    0.9372378693
1383.0    0.953246843126
1384.0    0.956593610632
1385.0    0.963092225345
1386.0    0.963251796302
1387.0    0.964069484024
1388.0    0.950964547732
1389.0    0.962496259648
1390.0    0.963996644016
1391.0    0.978521465943
1392.0    0.966740355285
1393.0    0.968125842287
1394.0    0.966192892619
1395.0    0.963233468641
1396.0    0.971504302258
1397.0    0.9645530034
1398.0    0.968587459784
1399.0    0.961271204561
1400.0    0.960033538598
1401.0    0.924698281381
1402.0    0.921770318719
1403.0    0.971148675391
1404.0    0.939149568181
1405.0    0.94834991894
1406.0    0.941159584742
1407.0    0.938636761295
1408.0    0.949172997061
1409.0    0.973740036738
1410.0    0.957567446698
1411.0    0.960150618012
1412.0    0.959044118772
1413.0    0.951642664498
1414.0    0.944615248857
1415.0    0.943693154921
1416.0    0.952837361018
1417.0    0.934461813237
1418.0    0.922128443865
1419.0    0.961340159643
1420.0    0.938947471049
1421.0    0.959631150739
1422.0    0.949391495949
1423.0    0.935966398629
1424.0    0.953241264915
1425.0    0.945977558773
1426.0    0.952555088691
1427.0    0.949284573097
1428.0    0.951918451974
1429.0    0.944796924414
1430.0    0.923646347055
1431.0    0.918600967418
1432.0    0.928561204888
1433.0    0.925508812683
1434.0    0.938133272974
1435.0    0.934418402748
1436.0    0.908248137057
1437.0    0.915581040168
1438.0    0.86962765387
1439.0    0.837870358147
1440.0    0.876145696065
1441.0    0.881605635238
1442.0    0.898284898998
1443.0    0.868770772869
1444.0    0.772072231595
1445.0    0.726200863094
1446.0    0.813064634631
1447.0    0.845236697408
1448.0    0.88939997341
1449.0    0.90487149672
1450.0    0.892737276704
1451.0    0.862517609739
1452.0    0.918630995187
1453.0    0.903363080304
1454.0    0.877273285812
1455.0    0.93518388442
1456.0    0.918652653463
1457.0    0.934905449479
1458.0    0.900590472852
1459.0    0.947266505581
1460.0    0.919362739328
1461.0    0.923928015421
1462.0    0.943557644194
1463.0    0.936667295544
1464.0    0.932900357845
1465.0    0.925391928818
1466.0    0.956900727763
1467.0    0.956840253825
1468.0    0.950631246092
1469.0    0.941505646605
1470.0    0.954024639915
1471.0    0.940719777286
1472.0    0.958229948691
1473.0    0.965181578817
1474.0    0.959610291674
1475.0    0.924314054445
1476.0    0.943561509767
1477.0    0.931523913095
1478.0    0.938252225603
1479.0    0.912707845063
1480.0    0.93314953466
1481.0    0.914130498223
1482.0    0.86294890626
1483.0    0.8888077154
1484.0    0.866683680911
1485.0    0.803672841999
1486.0    0.820229884408
1487.0    0.870205701512
1488.0    0.848715067556
1489.0    0.866340145896
1490.0    0.852515508748
1491.0    0.903772314245
1492.0    0.878926543198
1493.0    0.896152284801
1494.0    0.884377173404
1495.0    0.879005111038
1496.0    0.889488575913
1497.0    0.908200813337
1498.0    0.862473687615
1499.0    0.892281332376
1500.0    0.915388338198
1501.0    0.809403335052
1502.0    0.798090094626
1503.0    0.90401920246
1504.0    0.851257358778
1505.0    0.822791042563
1506.0    0.846355379296
1507.0    0.841874233362
1508.0    0.866123116637
1509.0    0.749756713501
1510.0    0.822746220624
1511.0    0.821320930322
1512.0    0.813123470071
1513.0    0.795226465359
1514.0    0.799415827202
1515.0    0.88959013777
1516.0    0.769803083253
1517.0    0.815923601881
1518.0    0.794764565976
1519.0    0.801743655765
1520.0    0.883712886951
1521.0    0.854394988944
1522.0    0.910329405421
1523.0    0.814630443248
1524.0    0.879802368123
1525.0    0.913124358283
1526.0    0.890944926982
1527.0    0.939428404548
1528.0    0.920632293318
1529.0    0.90530917348
1530.0    0.932380426313
1531.0    0.936712673158
1532.0    0.939726768681
1533.0    0.962904593841
1534.0    0.920852799972
1535.0    0.950596901748
1536.0    0.938104142028
1537.0    0.923278582704
1538.0    0.915104657923
1539.0    0.908961784506
1540.0    0.878867576462
1541.0    0.887406129823
1542.0    0.872248417309
1543.0    0.939120390621
1544.0    0.890412646758
1545.0    0.888393243849
1546.0    0.921498746616
1547.0    0.947407604525
1548.0    0.910154199412
1549.0    0.919357942491
1550.0    0.9171762582
1551.0    0.930496851348
1552.0    0.92886067772
1553.0    0.919742125824
1554.0    0.931438580931
1555.0    0.926685682265
1556.0    0.930630196038
1557.0    0.918265309709
1558.0    0.936216353935
1559.0    0.930173953585
1560.0    0.942289449479
1561.0    0.933866581631
1562.0    0.944950989597
1563.0    0.932648677025
1564.0    0.936981034123
1565.0    0.940251346513
1566.0    0.936298086712
1567.0    0.933163045418
1568.0    0.938734922164
1569.0    0.898573736877
1570.0    0.939500699008
1571.0    0.929585498226
1572.0    0.916251806587
1573.0    0.891022898664
1574.0    0.914078488469
1575.0    0.885914030248
1576.0    0.884247999413
1577.0    0.899654301767
1578.0    0.88693858569
1579.0    0.928900292875
1580.0    0.929525923985
1581.0    0.92907186882
1582.0    0.898670148097
1583.0    0.902092746971
1584.0    0.8719278842
1585.0    0.867441305604
1586.0    0.89892077563
1587.0    0.861201219645
1588.0    0.889334210702
1589.0    0.915378857015
1590.0    0.913266719466
1591.0    0.905025219816
1592.0    0.891208667829
1593.0    0.898332712942
1594.0    0.865970215464
1595.0    0.892415625611
1596.0    0.936717176366
1597.0    0.930551893211
1598.0    0.855803794073
1599.0    0.916511543606
1600.0    0.926046065901
1601.0    0.932220834238
1602.0    0.945914727322
1603.0    0.920125600425
1604.0    0.925072877257
1605.0    0.932961888297
1606.0    0.926016569897
1607.0    0.919786934671
1608.0    0.935657882956
1609.0    0.916997487253
1610.0    0.911968611538
1611.0    0.899675829138
1612.0    0.896404817139
1613.0    0.907774560792
1614.0    0.914071854697
1615.0    0.907942784655
1616.0    0.946690252232
1617.0    0.930502416213
1618.0    0.929771751376
1619.0    0.940576726613
1620.0    0.93152371082
1621.0    0.91110390812
1622.0    0.913185074653
1623.0    0.933245581287
1624.0    0.930846764924
1625.0    0.907383595322
1626.0    0.885697739692
1627.0    0.892647483168
1628.0    0.860488761567
1629.0    0.909303869494
1630.0    0.905324134049
1631.0    0.932967630167
1632.0    0.904273723344
1633.0    0.889040400184
1634.0    0.936666781275
1635.0    0.961148616838
1636.0    0.938675581778
1637.0    0.947823174456
1638.0    0.925867856706
1639.0    0.925723122736
1640.0    0.938989421733
1641.0    0.933797825071
1642.0    0.93938924866
1643.0    0.946478965211
1644.0    0.941827467757
1645.0    0.949689934055
1646.0    0.924410167346
1647.0    0.923388562416
1648.0    0.930201129656
1649.0    0.938124231743
1650.0    0.873500595763
1651.0    0.86233066974
1652.0    0.86150825126
1653.0    0.9150222851
1654.0    0.891453833205
1655.0    0.883600864641
1656.0    0.914140807661
1657.0    0.905276031266
1658.0    0.935571236698
1659.0    0.884125702019
1660.0    0.910673213761
1661.0    0.907734244081
1662.0    0.90153076695
1663.0    0.906744855393
1664.0    0.900162391991
1665.0    0.907576817888
1666.0    0.902393895741
1667.0    0.92750656023
1668.0    0.910706048552
1669.0    0.909672319341
1670.0    0.877367156435
1671.0    0.931704233895
1672.0    0.838645907872
1673.0    0.91365978279
1674.0    0.94249751237
1675.0    0.930123620657
1676.0    0.947903277115
1677.0    0.93280066434
1678.0    0.940076864868
1679.0    0.950887804847
1680.0    0.96393705685
1681.0    0.966794397681
1682.0    0.960329752895
1683.0    0.964204277522
1684.0    0.962659808697
1685.0    0.935046950836
1686.0    0.965107026138
1687.0    0.947674079909
1688.0    0.924484192505
1689.0    0.950532514268
1690.0    0.961059995271
1691.0    0.950376271992
1692.0    0.961600518178
1693.0    0.943469419237
1694.0    0.960401914275
1695.0    0.934002619693
1696.0    0.963872151583
1697.0    0.944946206249
1698.0    0.951762293741
1699.0    0.941268480177
1700.0    0.94053343824
1701.0    0.921788360242
1702.0    0.874609985713
1703.0    0.922176267406
1704.0    0.907253375324
1705.0    0.903033966346
1706.0    0.921324641499
1707.0    0.952386041779
1708.0    0.953982733001
1709.0    0.927432472071
1710.0    0.955048949233
1711.0    0.942469001059
1712.0    0.875073398514
1713.0    0.94658163065
1714.0    0.941588178272
1715.0    0.9550162599
1716.0    0.938588980646
1717.0    0.927699632457
1718.0    0.935794386245
1719.0    0.934226521089
1720.0    0.94783548668
1721.0    0.967383635951
1722.0    0.969660335439
1723.0    0.953208889314
1724.0    0.977710654552
1725.0    0.962890583941
1726.0    0.966097952479
1727.0    0.988310064132
1728.0    0.985163967964
1729.0    0.985784418325
1730.0    0.988307620367
1731.0    0.991574677246
1732.0    0.993227433819
1733.0    0.990464582414
1734.0    0.990646317761
1735.0    0.993503792398
1736.0    0.994327118538
1737.0    0.992095233009
1738.0    0.992099515346
1739.0    0.993534216563
1740.0    0.991784444214
1741.0    0.989900487288
1742.0    0.992804517779
1743.0    0.990003479866
1744.0    0.992755273669
1745.0    0.990187562551
1746.0    0.991698496252
1747.0    0.991865826418
1748.0    0.990426965637
1749.0    0.99544111963
1750.0    0.993173970854
1751.0    0.995135548325
1752.0    0.991098376193
1753.0    0.992330274817
1754.0    0.988502065889
1755.0    0.993201376145
1756.0    0.99598215999
1757.0    0.992022728457
1758.0    0.99288707894
1759.0    0.992620656442
1760.0    0.992721772669
1761.0    0.995192661623
1762.0    0.990841885425
1763.0    0.982622184259
1764.0    0.988807670141
1765.0    0.990210788052
1766.0    0.988194106596
1767.0    0.990944666485
1768.0    0.991439848789
1769.0    0.993673721506
1770.0    0.992258890176
1771.0    0.990965999434
1772.0    0.989958498262
1773.0    0.995063592253
1774.0    0.992054382328
1775.0    0.993030582546
1776.0    0.989364983894
1777.0    0.993422624752
1778.0    0.994868046993
1779.0    0.992637468293
1780.0    0.990241541314
1781.0    0.991367872738
1782.0    0.995092218116
1783.0    0.994677642254
1784.0    0.995859779638
1785.0    0.995763860391
1786.0    0.995255591158
1787.0    0.994998991879
1788.0    0.995578075583
1789.0    0.996809986169
1790.0    0.996237924609
1791.0    0.995851015393
1792.0    0.996315683309
1793.0    0.99666031491
1794.0    0.996738205489
1795.0    0.996535068094
1796.0    0.996512145175
1797.0    0.99617441126
1798.0    0.997453444011
1799.0    0.996598709091
1800.0    0.996608917642
1801.0    0.995821216385
1802.0    0.994994337367
1803.0    0.995408778916
1804.0    0.996632862073
1805.0    0.996666877293
1806.0    0.996238792059
1807.0    0.993286012276
1808.0    0.995987762429
1809.0    0.994451350728
1810.0    0.994326483494
1811.0    0.99527404217
1812.0    0.995202602522
1813.0    0.995247997816
1814.0    0.996324901634
1815.0    0.996835434018
1816.0    0.997233796825
1817.0    0.99666237339
1818.0    0.997545793649
1819.0    0.996599685402
1820.0    0.996725320896
1821.0    0.997296243032
1822.0    0.995683438105
1823.0    0.998316428205
1824.0    0.99712207646
1825.0    0.998042715253
1826.0    0.998270785891
1827.0    0.997822068658
1828.0    0.998115941146
1829.0    0.997633366784
1830.0    0.997808865692
1831.0    0.998404084479
1832.0    0.997929248333
1833.0    0.997883955601
1834.0    0.998204882135
1835.0    0.998624485299
1836.0    0.998857990725
1837.0    0.998624215481
1838.0    0.998514076018
1839.0    0.998224944225
1840.0    0.99842993303
1841.0    0.998485551331
1842.0    0.998778631664
1843.0    0.998496622328
1844.0    0.998485874255
1845.0    0.998504140578
1846.0    0.998605686582
1847.0    0.998437225999
1848.0    0.997495543988
1849.0    0.996843810279
1850.0    0.997513079442
1851.0    0.9972844112
1852.0    0.997422922962
1853.0    0.995909121142
1854.0    0.998154267167
1855.0    0.997149391049
1856.0    0.997097787416
1857.0    0.997569636116
1858.0    0.996529091615
1859.0    0.997184977371
1860.0    0.997555898419
1861.0    0.99836267555
1862.0    0.998293622516
1863.0    0.998435243166
1864.0    0.998671153099
1865.0    0.997373590512
1866.0    0.997889773498
1867.0    0.998599374016
1868.0    0.997842720348
1869.0    0.998151548763
1870.0    0.998903955599
1871.0    0.998542276597
1872.0    0.998797370824
1873.0    0.998181679643
1874.0    0.998761328354
1875.0    0.998041789033
1876.0    0.998623629553
1877.0    0.998510096814
1878.0    0.997979193409
1879.0    0.997328829165
1880.0    0.998241170337
1881.0    0.999563210953
1882.0    0.997857292725
1883.0    0.998172015012
1884.0    0.999121408566
1885.0    0.998447397845
1886.0    0.999309935361
1887.0    0.999237090691
1888.0    0.998993879358
1889.0    0.998506686495
1890.0    0.998949622478
1891.0    0.998670129401
1892.0    0.999089504669
1893.0    0.998997216383
1894.0    0.999302000753
1895.0    0.998113056104
1896.0    0.998296768298
1897.0    0.996891306932
1898.0    0.995874602475
1899.0    0.996973825167
1900.0    0.996671780851
1901.0    0.996181272794
1902.0    0.997468251566
1903.0    0.997303814464
1904.0    0.9961564278
1905.0    0.996792846584
1906.0    0.995622178661
1907.0    0.993324575989
1908.0    0.995360361769
1909.0    0.996044470914
1910.0    0.996211078029
1911.0    0.995117961697
1912.0    0.997395119026
1913.0    0.997068542651
1914.0    0.996714088012
1915.0    0.997254989017
1916.0    0.997010294718
1917.0    0.997838570822
1918.0    0.996499097613
1919.0    0.996640868512
1920.0    0.998305665538
1921.0    0.998949142842
1922.0    0.999071119227
1923.0    0.999039891637
1924.0    0.999128606269
1925.0    0.999269687531
1926.0    0.999228622749
1927.0    0.999291455353
1928.0    0.999180125354
1929.0    0.999230055893
1930.0    0.999061913739
1931.0    0.998660187397
1932.0    0.998902018832
1933.0    0.998362250937
1934.0    0.998830190208
1935.0    0.9982873461
1936.0    0.99943772222
1937.0    0.999403734887
1938.0    0.999550388111
1939.0    0.999700056848
1940.0    0.999573860845
1941.0    0.999560991537
1942.0    0.999626124372
1943.0    0.999780086695
1944.0    0.999770782829
1945.0    0.999781409079
1946.0    0.99967521625
1947.0    0.999669929231
1948.0    0.999775606979
1949.0    0.999817697312
1950.0    0.999546077887
1951.0    0.999649265069
1952.0    0.999577919192
1953.0    0.999567524406
1954.0    0.999715481911
1955.0    0.999745613654
1956.0    0.999707933845
1957.0    0.999846001974
1958.0    0.999519459365
1959.0    0.999718971634
1960.0    0.999610208394
1961.0    0.999647371919
1962.0    0.999616830161
1963.0    0.999753271271
1964.0    0.999585102147
1965.0    0.999685683908
1966.0    0.999667869398
1967.0    0.999726164356
1968.0    0.999660018317
1969.0    0.999713267372
1970.0    0.999647045705
1971.0    0.999700065661
1972.0    0.99971746375
1973.0    0.99976047607
1974.0    0.999782069417
1975.0    0.999653048154
1976.0    0.999704212391
1977.0    0.999689091204
1978.0    0.999649932526
1979.0    0.999557235798
1980.0    0.999659786971
1981.0    0.999458439392
1982.0    0.999373809076
1983.0    0.999435669241
1984.0    0.999535980104
1985.0    0.999493219069
1986.0    0.999603624748
1987.0    0.999779720266
1988.0    0.999681388736
1989.0    0.999357966071
1990.0    0.999728759408
1991.0    0.999544042842
1992.0    0.999448909871
1993.0    0.999557144193
1994.0    0.99959621831
1995.0    0.999628760846
1996.0    0.999316448252
1997.0    0.999232217096
1998.0    0.999383938161
1999.0    0.999478314258
2000.0    0.999625117841
2001.0    0.999637782438
2002.0    0.999605757129
2003.0    0.999357689716
2004.0    0.999555792588
2005.0    0.998713553308
2006.0    0.999312250249
2007.0    0.999019352666
2008.0    0.999418353894
2009.0    0.999065325179
2010.0    0.999273407845
2011.0    0.999091183738
2012.0    0.999169687153
2013.0    0.999190478171
2014.0    0.999183571692
2015.0    0.999181342639
2016.0    0.999366206167
2017.0    0.999408741482
2018.0    0.999490068183
2019.0    0.999502454585
2020.0    0.999462811356
2021.0    0.999433484369
2022.0    0.999533745078
2023.0    0.999421331308
2024.0    0.999306641365
2025.0    0.999397561356
2026.0    0.99972224016
2027.0    0.999713113031
2028.0    0.999766390752
2029.0    0.999755232901
2030.0    0.999763361447
2031.0    0.999892049022
2032.0    0.999900548851
2033.0    0.999939491296
2034.0    0.999931909541
2035.0    0.999913804879
2036.0    0.999935318654
2037.0    0.99994690362
2038.0    0.99996314052
2039.0    0.999951948298
2040.0    0.999951349351
2041.0    0.999962288346
2042.0    0.999958052293
2043.0    0.999959587992
2044.0    0.999963751642
2045.0    0.999982225924
2046.0    0.999987530819
2047.0    0.999973963948
2048.0    0.999974781107
2049.0    0.999980784528
2050.0    0.999982243922
2051.0    0.999980675735
